28.433583 4.721206
350.98254 16.93158
348.357121 1.464144
16.842671 5.307164
2.463696 2.520650
15.109825 6.346414
218.524550 2.205883
212.942813 -0.540625
28.569613 6.390381
347.362096 0.597839
14.853508 3.780111
2.930825 5.019061
4.858721 0.927286
173.722475 1.438356
214.446346 -0.510028
215.813421 4.845178
209.911608 5.349647
205.400371 4.574589
154.422458 2.893856
31.246467 6.191878
16.979733 -0.533278
17.433450 2.405758
24.179329 -0.181858
351.137050 1.817186
0.598500 5.794264
36.409742 5.827686
3.779288 5.811325
35.724675 0.160633
14.958171 2.808481
37.460917 5.253247
32.061133 6.185178
36.104158 0.926017
210.248767 3.187639
217.010779 3.050017
217.510013 1.592528
155.885054 1.556447
342.075442 5.987272
351.454629 3.182333
0.373558 4.964625
174.228250 -2.271353
349.357042 2.562244
4.929796 2.558672
159.634512 3.379858
352.633854 5.458775
175.167533 3.351697
157.471567 0.661397
155.825400 1.952342
157.026992 1.657014
166.231450 4.061700
159.067800 -1.864625
163.666579 4.016542
157.569904 0.916025
157.363071 -0.260481
155.020833 3.342744
166.615725 1.008881
162.919625 1.732769
157.956838 0.774242
170.624554 2.789569
168.088254 2.644231
153.641342 -0.696781
154.629671 -2.124283
160.339679 -1.792028
161.372475 4.416275
162.079592 3.872453
161.519158 4.305486
209.956675 -0.334217
209.607854 3.459925
215.684504 4.047147
215.240092 0.491533
212.424525 3.637736
216.951654 3.842706
211.040450 4.646883
202.930088 1.770750
208.020046 -1.913139
210.620292 3.268200
210.924483 -1.813506
203.846796 0.037781
218.071354 -1.555533
214.211592 -1.811778
199.318887 0.888372
216.370142 2.339928
199.567671 2.679025
210.481479 -1.534983
200.114579 -0.743236
204.616100 2.809983
218.299500 -0.335253
210.478338 0.837711
203.766325 4.856278
206.744513 4.003089
207.110350 4.116533
217.626117 0.392506
208.686537 2.420753
208.548121 -0.799264
209.708246 -1.848733
343.931058 -0.084456
7.87471 5.72603
354.744188 5.650375
8.86642 6.26392
4.619817 2.221378
1.832900 0.647478
0.816887 4.902158
1.681983 5.654956
4.759079 0.351481
3.828217 0.995514
3.467250 3.659008
3.521354 -0.134886
4.496604 3.341608
3.887946 5.964581
4.471529 5.842361
2.745504 0.617953
1.843933 4.907264
3.395367 4.554661
4.106054 4.722700
4.255654 4.170094
4.606392 2.905119
0.899642 4.195028
5.343838 -0.421144
1.681137 3.026658
4.771262 5.736194
4.030642 0.984239
3.248367 4.445167
4.394329 3.370722
36.526625 3.704125
23.134496 5.360031
27.151650 0.419542
35.846458 2.672017
36.138217 0.523553
33.866158 6.330650
35.154425 2.285436
19.377942 5.137706
349.485342 -0.024064
353.108888 2.739708
6.87833 6.82692
6.97650 8.59189
6.84829 7.95656
351.290217 2.331764
350.835433 1.787119
348.522958 4.284153
349.719908 -0.473456
353.430921 2.639181
346.717596 -0.241850
0.648363 0.131061
4.262008 0.564678
2.249637 5.865653
2.400954 5.195717
3.792438 5.546472
3.564075 2.630697
4.057200 5.752303
3.816900 4.930753
3.299612 4.668203
19.862646 2.829219
36.893917 0.650525
1.445817 0.998469
2.605587 4.913392
3.859887 5.168169
0.752283 5.732444
36.641933 4.423831
1.976258 6.411111
353.947096 4.605183
359.500000 0.922342
4.292617 1.398100
28.645079 1.300317
32.577971 4.722106
20.704183 3.627633
35.124608 5.128861
36.551675 3.250711
35.824779 4.980078
4.811867 -0.295081
0.395333 5.307994
359.158429 0.745856
27.255633 2.153583
36.662429 1.421306
31.611808 2.560186
24.750658 -0.212908
36.101000 2.130272
354.565238 -0.295206
27.521754 -0.394433
4.427475 5.494206
24.967442 2.710569
4.581525 5.280817
30.099579 -0.092103
15.560863 1.356889
348.853671 4.267617
22.697188 2.579086
25.528846 6.427489
210.324363 0.454456
171.077213 3.244958
168.597704 3.522256
173.072167 2.051094
168.738908 1.505322
167.962392 4.269231
159.163408 -0.788244
162.217058 0.052736
167.654833 -0.155614
162.816767 -0.834844
164.992887 -1.144858
161.409762 2.321150
172.971104 1.464408
167.589004 3.794492
166.648283 -0.416200
168.747658 2.476044
173.757058 4.391717
165.052721 4.725925
164.237579 3.990364
158.576221 1.357447
176.129100 -1.666531
170.533700 3.053339
168.147408 3.593483
169.667888 3.237033
166.026617 3.718678
165.453038 -0.113492
166.986796 4.441703
159.773108 -0.820919
169.843842 0.766067
164.825517 1.008294
165.449729 -1.746947
167.201192 -1.335128
169.603429 -1.395153
171.443371 1.054050
168.370842 0.774067
164.770917 -1.863167
172.799162 2.430119
166.963821 0.226911
161.434729 1.782797
170.063558 3.325647
166.974054 1.049433
175.532175 2.525558
161.711350 4.416425
167.673758 0.157797
165.684946 -2.116181
170.030725 1.582978
160.077467 1.445111
161.222067 1.432492
169.933004 3.571981
169.526146 4.811650
171.428692 -1.269708
165.926100 -1.944103
169.518171 3.323069
172.999763 2.487950
162.505296 1.114003
167.972788 2.561617
161.884158 3.696331
171.250225 3.444394
165.013083 -1.826714
162.150592 1.049522
164.172767 4.108750
159.665825 -1.793036
171.417379 5.041514
160.788996 -1.277336
169.470117 3.179253
162.393667 1.980297
168.454725 3.553500
158.939017 -0.595222
167.353162 -1.922675
167.757571 4.733244
172.180254 3.725842
168.396358 0.692411
161.465229 4.839086
162.662213 3.407703
201.519925 2.960619
215.125446 3.350733
215.864733 -1.629642
214.900746 2.307583
203.437742 4.251556
215.625767 3.145867
217.380546 4.485678
213.463554 2.408253
209.995279 3.740497
205.606146 -0.120111
205.358033 3.752697
216.292042 2.270594
201.168600 4.719522
218.398638 4.785517
211.367729 3.766664
218.055925 -1.549306
205.986479 5.194961
205.158762 3.083575
213.533046 3.488269
216.742483 4.760325
206.276508 1.471269
198.317217 0.587853
205.963838 -0.538703
202.014950 -1.174469
212.142258 4.301964
203.457000 -0.513386
210.024550 4.008719
206.758875 0.832606
217.471242 -0.866464
202.719275 -1.135189
211.994567 0.748761
212.393683 0.889636
214.437038 0.009236
205.413354 -0.226631
208.727708 -0.029272
201.154496 -0.831147
348.410650 3.454000
351.520325 5.499778
218.140221 0.085711
348.151792 2.051786
344.247175 5.783897
352.06625 12.98850
347.74658 15.66472
345.210721 6.423239
345.409063 6.109617
344.810442 5.679414
346.188425 2.653336
352.015121 3.136997
345.788458 5.648958
349.061617 0.449792
349.394271 5.051903
351.436808 2.908156
351.225975 2.928181
345.560904 -0.843181
347.034950 2.768375
350.575467 1.121625
353.343192 6.079206
348.763600 4.770308
342.228387 3.848247
354.502412 5.002375
347.847283 2.752817
351.001142 4.244767
353.759546 4.172978
353.936829 4.462400
353.313963 3.894803
346.183787 2.916747
351.053133 -1.118844
344.698867 5.784181
342.478925 3.737217
356.693708 5.690186
7.02596 5.48469
352.623408 -0.062886
7.12371 7.04350
4.56162 6.06981
27.379575 2.627283
343.452942 2.896622
343.179133 6.867242
5.41850 4.88461
353.25746 12.98922
356.541892 5.689417
350.763621 3.916219
8.45142 9.27628
23.731729 1.488400
15.343196 2.699194
14.616162 1.700783
36.370604 1.479978
35.291658 5.035689
37.616758 3.476103
25.101187 2.857342
36.670371 3.922453
37.784854 2.629897
36.017696 2.244628
19.991512 -0.063056
23.985579 -0.668853
21.830108 -0.488978
33.244908 4.459206
16.792013 5.366375
29.928913 2.994336
37.637388 3.613589
27.420012 5.469292
33.104096 4.791308
35.433117 4.255711
35.410604 5.103078
32.647925 2.938028
29.768292 0.129844
24.876100 2.204625
24.823496 2.805700
28.194192 1.557025
23.272379 3.215828
23.530992 6.341906
17.742504 -1.162789
33.283633 -0.176781
33.343758 0.420394
28.687729 2.388261
353.043679 0.768914
348.258312 5.275753
353.527096 3.119736
7.35875 7.89447
6.09138 11.76119
354.052963 4.958458
353.794562 4.692669
5.089887 5.274519
3.562804 3.815961
4.285062 3.342244
26.134725 1.008158
31.789692 3.649992
31.349950 3.607708
35.554583 -0.233636
3.430358 2.041164
0.670404 1.590736
3.329175 3.390047
35.334792 5.351292
26.149342 4.005803
28.273025 4.802444
28.543967 3.730494
30.064488 2.377406
4.998242 3.538394
25.656104 6.061311
27.946963 1.022167
36.020846 3.167311
29.232792 -0.179394
36.757842 2.208631
15.131262 2.232828
28.119192 0.690386
15.414608 3.486097
36.249337 3.138217
30.430808 5.369086
33.582142 0.994806
33.125333 5.176811
31.444237 4.077239
36.616154 1.683889
16.890342 2.751461
26.839154 5.480578
36.536446 1.660636
35.468396 2.252786
25.016912 5.081989
27.367604 0.271233
36.933279 1.705658
14.662242 3.588147
15.071329 2.439811
14.401763 1.447692
25.292896 4.636883
24.618975 5.042533
14.750800 2.439703
15.273533 2.889789
25.216137 4.723769
26.153662 4.304381
27.333892 -0.519664
29.192400 -0.668497
27.828417 0.599806
27.806238 0.854672
28.390825 0.167636
28.476117 -1.011886
35.958250 2.852939
14.922900 1.276283
15.300542 1.570650
15.443529 1.638714
16.087388 2.977533
15.949392 2.233464
15.072908 2.400586
14.463858 2.662103
14.863708 3.030967
26.016000 5.712331
25.246475 3.976569
25.739025 4.733167
36.217796 3.037272
14.112117 2.567014
15.293025 1.554533
14.658608 2.592383
36.149762 1.650081
36.255783 3.542322
28.761058 3.879044
15.528904 2.467831
25.880975 3.883211
36.116654 1.604953
35.169650 2.519564
24.660546 2.303522
36.441325 3.315486
24.757608 5.450936
35.473046 3.155392
32.701583 5.463072
31.040213 5.862503
27.919387 -0.012125
28.771625 0.492019
14.952675 1.374939
14.435721 2.808667
23.873429 0.956092
26.691967 4.000978
18.231142 2.497078
22.893292 -1.097003
29.977092 5.332669
27.508771 5.361672
26.996625 5.529903
22.739967 0.060358
20.763921 4.185061
25.682758 -0.768997
25.481379 3.756292
29.320092 0.040869
35.440467 3.227722
35.280833 5.224442
20.497883 0.551747
14.254046 2.050375
15.007392 2.172914
22.940287 -0.861733
27.472546 0.305761
33.404688 0.203950
33.340133 4.323489
21.578850 4.658814
31.101879 3.797186
27.491825 0.197139
33.186046 0.441719
35.367688 2.382806
27.396417 0.298442
30.388479 1.662772
29.966167 2.118883
24.697862 5.112006
30.878554 4.178144
22.318504 1.774472
27.969904 -0.463503
22.215571 2.388983
28.526383 -0.325878
0.859213 3.795650
28.697358 4.684775
27.343812 4.866872
17.868825 3.895478
32.580054 5.037761
31.916175 4.764617
2.752517 -0.325178
26.283021 5.583692
36.729592 3.115011
26.111867 6.110558
22.971867 -0.870217
23.018671 3.208950
29.542567 -0.368906
36.365800 2.614422
36.221400 5.741811
31.536017 -0.482067
4.86504 8.89286
354.082171 5.204500
353.367108 6.292803
4.30425 9.34800
351.60925 13.89392
350.549079 3.950419
6.78983 11.42492
353.268388 6.450119
345.762179 4.106053
351.530933 5.722278
16.691817 -0.422122
32.615721 4.996108
2.294087 2.535578
3.832088 4.830428
5.110396 5.379203
3.888850 4.143272
20.558450 3.782692
0.471500 6.414239
5.093921 5.942297
20.485063 1.360292
4.399825 5.912614
4.144712 3.303992
358.969450 5.368342
3.793783 4.206217
2.649054 4.717614
4.204783 4.701750
3.980504 4.299700
19.515267 2.613061
33.800925 3.960853
4.861221 1.097247
162.743125 2.771314
172.660721 2.953500
158.414050 3.846367
170.456963 2.805867
158.391304 1.608222
162.492488 0.183875
170.645383 0.161758
160.989492 -1.361383
170.308158 2.888036
174.554012 -0.601786
175.725171 2.814919
156.771625 0.416519
155.697679 1.120472
168.581104 4.122525
175.354721 -1.530006
162.877621 4.444339
204.537621 2.903261
211.710921 -1.728186
216.024671 -0.863211
212.906375 -1.252453
216.206579 1.828794
212.813342 4.894367
214.008550 -0.243550
215.865646 0.671672
213.127133 1.558186
207.609325 3.944253
213.453737 1.584406
200.973492 0.625403
204.531337 0.147303
209.629471 3.375781
217.004413 3.422794
214.258867 1.282225
214.799162 4.459675
218.501467 0.115403
209.953671 3.360264
213.024821 -0.446433
210.493621 4.006553
198.340058 2.174989
210.272279 0.413250
205.273650 2.658964
204.925842 2.323336
201.989587 1.256156
215.766479 4.225003
211.987754 3.340589
201.596492 0.760742
198.329813 3.954861
213.926271 4.441539
203.906975 5.193444
216.707679 3.478625
207.332987 0.897819
210.578029 -0.993583
217.735533 2.581900
210.245217 4.089447
214.085221 4.498989
206.622600 0.678367
212.156692 -1.237739
217.907246 -1.564158
209.335292 3.479478
4.59775 12.22183
356.274708 4.866519
355.030050 4.596233
7.41225 5.51283
351.409421 0.351758
352.935329 1.015819
346.735692 5.789119
2.369808 2.907844
3.424937 -0.039700
2.866963 0.115247
358.789708 2.952450
4.655771 0.456178
2.587021 0.866964
4.064992 5.745703
0.072413 4.516286
4.140242 3.871625
344.215979 -0.578575
33.913592 0.231469
17.222454 4.675958
34.591500 3.108961
28.983075 3.877653
20.149408 1.321489
350.392754 5.466472
18.315829 4.081256
25.878846 4.166981
21.763596 4.378314
28.713979 0.442342
22.192775 5.138692
26.458650 4.178739
31.118621 1.618881
27.001583 5.541144
15.813854 0.435256
33.727187 3.951342
27.032612 4.547656
16.041163 2.826333
15.592058 2.961489
27.453371 0.346142
35.414842 3.118300
24.747075 4.930047
32.591300 2.444222
22.156371 0.278931
28.561392 -0.600656
31.134300 3.817331
33.865138 0.406597
20.944350 1.849261
29.249375 0.968744
30.150858 4.796381
35.793804 3.443200
30.430696 -0.288317
32.078742 4.423333
29.186788 1.149106
15.815867 2.742731
33.806825 4.259803
19.896679 1.798764
19.389121 5.058108
27.603233 0.128714
29.577938 4.404183
18.342075 5.378011
30.104683 1.878164
23.621263 2.301986
28.114929 1.864756
17.118229 -0.159119
19.380258 4.756628
25.457358 4.051703
27.253471 5.387717
30.840671 1.869525
26.408275 5.917428
29.315158 3.986931
27.086746 4.942386
33.697767 5.186325
29.696096 -0.407303
29.541117 -0.276375
25.532000 2.687867
28.548787 3.742750
36.509925 3.280794
30.447933 -0.332864
31.076542 -1.355647
26.362662 6.018017
31.047700 2.198158
37.130017 3.322192
25.940371 5.427869
35.278708 2.989308
28.869246 0.411964
18.047954 3.943933
33.778533 1.392503
27.821917 0.725383
15.927133 3.160314
36.956708 3.290000
25.665992 1.164422
26.299613 4.187317
14.609633 1.497094
16.317046 2.615392
29.926258 4.642425
30.506662 5.257486
28.595262 -0.205731
30.028996 1.897208
15.379942 0.801131
16.152300 5.347572
17.917954 4.806047
17.880000 4.927356
21.764183 0.478856
21.058442 0.429239
25.715467 0.346492
21.405108 0.241892
28.772912 -1.191997
23.476867 0.508617
31.304475 4.961611
30.303546 4.629000
33.831500 3.920467
30.592496 -0.343122
19.399687 5.046556
31.880313 -0.989247
30.568162 1.669456
21.007412 3.902211
27.520308 2.387728
33.188237 -0.572286
30.103871 2.641283
29.211004 0.949797
23.720667 2.101661
21.151746 1.293564
19.850650 4.517275
22.093171 5.239531
29.021788 -0.964003
15.803813 4.551508
24.761442 -0.053672
21.320017 1.959214
25.612087 1.920928
25.601696 2.357947
18.546858 4.518289
17.653746 3.948358
26.185992 1.181331
23.649237 1.354964
31.511333 -1.055200
27.543238 0.143597
24.746963 5.401289
33.964275 3.924744
32.227904 4.904450
30.120529 0.111853
28.948892 5.029819
28.977583 4.933792
16.387267 4.293300
25.971896 2.852978
30.440554 1.777689
32.176987 2.221486
19.295354 0.382403
31.231329 2.103878
35.111838 2.340242
358.858733 5.857722
21.901408 4.504511
24.504883 -0.580458
29.750425 3.084997
1.249983 3.768756
31.469463 1.801642
34.983937 0.730125
34.971842 2.841739
34.395787 3.108778
32.050838 2.525097
30.630637 4.919442
36.054783 0.075486
22.277813 0.141714
19.543517 0.404408
27.480242 2.667167
33.439304 2.731631
31.020908 2.646536
24.982325 4.539586
17.460892 4.214114
27.187387 1.866517
29.261558 4.780831
16.043492 3.993092
22.104350 5.665692
30.986954 4.891053
33.759533 4.126828
27.547617 2.157083
33.631996 4.848983
35.739600 4.786186
32.638558 4.411947
32.411763 5.183950
31.586479 3.087031
34.516225 2.320086
18.854796 1.917394
30.691742 4.114314
28.970804 4.041536
22.013758 2.582964
31.679529 -1.143903
25.215692 1.661144
26.453829 3.989650
29.005621 3.052272
23.652167 2.472003
20.032442 4.374558
33.131850 0.258717
22.400875 0.438278
25.504212 1.649667
30.910279 2.377322
31.042092 1.713086
32.699850 2.881197
30.705138 5.183186
24.501958 4.934736
15.308362 1.018447
14.609650 2.064347
15.449825 3.250061
26.005725 5.945081
28.757267 3.824322
16.072192 2.915367
35.915537 3.577850
25.968083 6.040772
24.755467 4.906111
27.478837 -0.117997
27.436488 0.259950
27.808325 0.343581
36.381375 3.056147
14.555146 2.356817
15.151587 2.385756
18.210608 3.802106
36.394200 3.095531
35.181075 4.689153
4.195833 5.716939
3.834375 3.785403
1.061021 6.827253
4.895875 5.614783
2.652687 4.987633
26.260654 4.936831
15.270962 3.356794
17.603717 1.354689
16.382558 4.502214
17.506042 2.399856
36.482550 1.580922
35.828667 -0.077631
35.717571 5.406292
36.856829 4.667894
36.673163 3.830678
25.587371 1.383211
27.646875 5.254417
26.552617 0.659469
35.407371 5.509556
30.682571 3.711361
28.928012 4.046322
35.568983 1.636503
33.022337 3.123944
35.343933 4.392425
14.322829 2.225178
27.451763 0.026164
23.911779 3.412203
32.988117 0.144053
27.702008 3.367206
32.086571 -0.652422
24.715542 5.413572
17.937321 -0.176714
30.398671 2.319192
18.205012 0.289906
2.606075 2.823372
18.324929 2.248686
34.826392 -1.054608
21.467167 4.312292
24.346883 4.794478
26.396858 0.881064
16.624608 4.848342
17.823421 2.250233
20.925763 2.727581
1.086954 3.211197
20.840046 5.988244
37.007208 5.137264
25.286242 4.723839
30.658517 5.394728
28.144529 5.171000
34.378200 -0.983447
32.771025 3.029422
28.503058 4.272164
24.898375 1.877544
28.709100 5.444686
21.105504 2.076747
20.488554 5.355486
25.568912 1.520536
16.581775 5.511594
27.442600 4.978900
32.774658 2.665850
30.858217 4.641772
31.550529 1.008933
30.721883 5.279619
30.082275 5.575011
27.641154 3.050558
29.428350 -0.277011
19.504888 5.490394
35.647838 0.342431
25.284854 2.632283
26.592883 2.317631
21.650342 -0.774633
21.860813 2.792803
19.832113 1.621042
13.969958 4.723322
32.128946 2.886597
34.535337 4.935353
35.260654 2.931619
20.764167 -0.270083
26.616771 4.877569
28.594312 4.103106
18.442483 4.509017
19.765663 2.911236
27.871554 -0.092183
35.982992 0.711111
27.211796 5.351308
28.030833 0.964119
20.779187 3.801586
23.507467 -1.139664
31.313863 3.781539
21.888629 0.354539
18.774538 2.281431
22.114933 5.169519
25.548112 1.275925
26.355675 4.102947
27.284546 5.423300
29.860862 0.224800
32.917958 0.695217
33.144537 -0.327008
37.575225 3.451933
25.955554 4.337656
33.361254 4.067589
25.946521 4.655822
24.737142 -0.282631
20.863504 5.655103
29.579779 1.797511
21.041533 3.060833
26.222525 6.228906
36.036508 2.891114
14.443333 3.184983
21.130337 3.991897
35.071438 4.571497
34.660996 0.691892
31.319138 5.079050
29.339762 3.616869
16.410921 2.001914
26.036838 1.865183
36.102175 1.809672
27.297192 5.357203
34.917204 3.276031
16.557200 2.932653
36.365146 3.241842
26.697446 4.534964
25.929783 5.106408
27.047763 4.577383
20.731033 3.999547
25.751429 5.196944
33.296617 -0.060097
28.298500 1.055061
34.669158 -0.594881
35.078583 0.383253
20.738579 4.795542
27.582329 0.524914
18.959875 3.157733
20.101946 3.709714
29.831788 3.264856
24.724950 5.437761
31.591829 3.780678
26.561942 4.605792
30.903421 4.305925
2.586354 5.238758
20.559042 4.364875
34.802675 2.511256
34.800833 4.847314
22.294600 4.974486
23.365675 -0.988958
14.337358 -0.320161
21.037925 3.263433
27.377250 0.354972
19.138429 -0.819283
34.277883 3.538158
24.808217 4.822233
26.746383 4.536269
23.284813 1.325019
23.681463 1.447906
36.450129 2.130308
29.898833 0.525783
28.216417 1.098978
16.712408 2.341072
21.996446 5.184258
26.639258 4.575214
34.211571 5.614342
15.260496 1.168131
29.429612 -0.355775
15.673542 1.874219
15.351204 2.009344
15.393612 1.730989
15.066521 2.248928
14.765038 1.427719
28.199150 -0.250136
15.565196 3.667281
28.930412 -0.758678
24.747146 4.990650
35.958971 5.325672
37.451683 4.376031
37.828238 -0.439514
20.507046 1.181367
14.529875 1.875622
15.073375 2.530614
15.482108 3.202544
26.271229 5.483439
25.768667 4.414342
29.731192 -0.214928
14.806142 2.397369
14.903537 3.210742
27.584854 -0.554056
17.512183 2.845675
17.976767 1.350658
24.877600 5.443131
30.599608 6.128547
35.824562 4.635317
33.829796 2.329603
36.489496 0.646769
31.438096 0.399394
36.539017 5.746536
36.401046 5.548033
28.985683 5.784706
37.121667 4.363000
26.057867 4.359047
36.695292 2.129675
29.132221 0.967258
20.422213 1.698667
35.850771 6.143544
30.899950 1.845453
15.623988 3.919367
28.105438 6.393411
37.190137 4.751619
30.537987 6.217267
35.652867 5.860072
33.090842 -0.201306
36.528029 3.923978
34.931004 5.380531
37.204008 -0.155294
34.399862 3.953278
24.675142 2.141483
26.458004 5.610314
33.182225 3.124194
30.540879 -0.230828
30.547725 4.343778
28.380429 -1.104742
23.803246 1.769247
30.763325 3.759208
37.288767 -0.017786
34.092621 0.938078
24.624400 0.368589
30.597492 1.847639
33.229458 2.249950
30.106583 5.491250
34.457696 3.429836
15.552146 5.856825
17.193996 5.379036
23.781354 4.870789
25.773138 4.406022
17.289733 5.162483
28.433425 -0.414031
32.077046 1.618122
18.694729 2.723767
30.187771 2.554294
23.278821 -0.253800
18.750612 1.883531
17.820042 4.729167
17.196783 1.919756
24.598463 0.073294
23.878438 1.192006
18.260279 2.984675
20.119687 0.215092
20.160842 2.734342
358.184671 6.144364
23.058087 4.609786
15.582813 5.846406
26.511888 4.184697
16.307321 -0.981978
23.908629 4.455808
23.478417 -1.189594
17.085771 2.966944
20.462833 4.292950
17.922396 0.513961
26.338183 4.204156
22.704800 4.409247
28.382013 1.609722
23.292029 3.917950
31.177717 5.415461
15.076321 3.862833
32.696175 3.177839
35.519421 2.896775
23.732604 2.813950
18.150825 3.965325
32.396542 5.515536
15.014958 3.957131
28.316450 2.282861
35.909667 4.098983
15.018042 5.586447
26.087108 0.605383
22.430683 4.490272
24.080354 2.881328
20.980425 4.418539
19.493121 2.767758
18.286738 3.631306
25.030150 0.089025
16.975442 5.101019
14.493237 4.901419
29.943371 2.979625
23.424954 1.699467
34.977242 0.239792
30.931412 1.586211
25.343996 0.681033
36.190742 3.014144
36.410008 0.308875
23.545058 1.604881
27.399446 3.105236
31.033321 0.022828
23.298104 1.109836
19.652200 2.128044
33.055192 -0.476289
19.665625 2.191264
24.029283 5.302811
27.261488 4.555019
25.023600 2.219506
26.659375 5.620333
20.413304 4.039250
26.059687 2.149014
22.982796 1.592622
0.716917 4.607297
27.807617 3.700208
19.089142 0.781342
18.305242 5.025389
17.751979 -0.806194
16.916817 4.370033
32.153083 3.462086
20.022979 4.563639
4.132983 2.682519
26.415192 3.943294
16.117154 -0.529269
32.053429 4.654364
355.197438 5.702553
3.710642 3.682767
2.366679 2.587067
342.302158 1.796931
24.521025 2.509356
351.955837 5.277850
1.680729 1.661367
22.077858 4.989567
24.953646 4.485975
27.457583 2.895172
29.194483 4.677053
31.839363 -1.077725
30.464733 0.903136
30.489754 4.094272
33.701379 3.994333
36.880267 3.978411
15.007342 1.469961
28.580758 0.291069
37.267221 2.188303
28.430108 3.800939
16.133488 2.550081
35.429929 -0.561008
16.746167 -0.043436
36.835471 -0.197875
28.669721 -0.418319
0.618442 6.200425
26.749704 5.148578
17.954158 4.377356
16.823425 2.595322
27.789662 0.393492
26.077321 4.156219
34.483396 0.297594
29.459992 2.501514
24.452908 -0.637536
22.463750 0.526642
30.585654 5.322353
20.473746 6.025614
20.522979 6.084556
32.811104 -0.316289
26.057662 3.669833
30.471537 5.079169
21.103404 5.562131
15.662621 2.106906
32.833196 4.864622
24.901387 5.039644
346.431308 2.685542
31.018204 -0.774769
30.498850 4.737508
36.200642 5.884947
36.493412 -0.263492
35.216958 2.610206
21.099950 5.617783
29.248992 2.386578
22.938754 3.432419
29.995725 4.735747
15.454929 3.796344
29.977625 4.772733
2.499950 5.499472
36.371842 1.376567
25.241354 6.066464
22.464979 0.553192
25.391950 0.809758
19.124517 5.528397
35.546325 3.047603
36.172679 2.099700
17.957913 3.951475
25.221137 4.506933
16.631863 5.180186
24.881229 1.906758
35.459092 2.945472
17.101479 5.357131
24.845446 2.959456
37.027475 0.459117
36.554308 1.501253
27.094633 5.228794
35.7742 5.116319
35.754467 5.273508
36.334067 6.302331
35.522167 5.516097
26.060208 4.839069
27.748271 0.052325
26.107458 1.167667
26.235346 3.834017
16.507333 2.187958
20.808267 3.661528
18.653283 5.715356
25.740717 5.766842
35.362458 4.837150
27.939513 -0.110597
25.071787 4.420783
25.787067 6.323331
37.013392 3.465544
28.995521 0.192567
14.511808 1.947119
14.470604 1.563697
24.749462 2.781381
15.066712 3.288581
15.778558 3.024208
23.271663 1.206736
25.653129 3.728397
28.350992 -0.207147
22.079617 2.549833
26.098413 4.415531
22.083125 -0.336289
24.795892 2.981114
28.135042 -0.545928
26.019613 4.737842
24.774842 2.139814
16.588279 2.946886
22.103475 2.695306
14.671404 2.357169
27.869200 0.546097
36.749458 1.927492
28.318154 -0.294003
28.406917 -0.097553
349.949925 5.835706
31.386421 1.146161
18.482988 0.639428
26.186612 6.172511
29.329171 0.098864
25.954625 3.924283
14.857367 3.408683
17.626088 3.884961
15.432258 2.303769
36.305171 2.483811
19.356396 4.601172
35.893525 4.102883
30.018792 -0.171944
24.932092 4.577403
35.611913 2.040861
28.815179 0.247522
26.350504 5.882886
15.358092 1.673753
33.727042 3.837706
22.100671 4.793928
22.535925 4.924231
24.617658 4.710878
35.350579 4.781833
18.875667 -0.536394
20.899896 5.819111
19.350904 5.523061
15.807004 3.458669
14.404846 2.658819
15.146138 3.690706
20.680100 -0.472983
26.858754 5.505011
16.523925 1.973286
19.316796 -0.008533
15.318633 3.218047
24.803717 -0.409250
26.305904 5.550053
36.739804 3.668131
27.554583 4.641578
28.386104 -0.401422
20.313008 -0.057889
25.895721 3.849011
25.666300 5.217142
26.906958 4.590372
16.778546 5.322614
15.738088 3.718264
16.055579 1.711750
16.762033 4.820217
37.624625 3.352681
25.740021 6.333978
14.575754 2.086564
359.985450 5.014261
15.011329 3.846403
14.662617 1.551194
14.308196 2.063400
35.670775 4.728778
16.823692 0.080236
36.920092 5.788986
19.560008 5.025506
19.512963 5.030167
15.413412 1.339458
25.781242 4.595589
23.264696 1.215444
37.408212 6.040431
31.371283 1.195311
36.306471 4.371175
36.496079 6.074556
33.664467 6.357003
35.7033 2.056694
37.289967 4.877031
37.111496 4.009711
35.375717 5.329900
34.483821 1.346031
37.310217 4.067381
23.064567 4.152389
37.549733 6.094864
26.698512 -1.093931
35.438279 4.634636
21.899296 -0.338717
31.296396 1.128364
3.731200 2.466125
30.888237 4.166264
18.731333 -0.127494
35.809904 4.450269
14.098417 4.577000
31.976100 5.171317
35.650358 4.202764
22.180854 2.666894
19.460662 4.773658
22.937792 -0.783814
34.051783 3.172308
33.574850 5.965756
31.168175 -0.648856
28.948725 0.805125
30.822208 5.723797
30.055596 4.967081
22.117058 2.929733
28.352038 5.101644
35.783462 2.478233
35.389633 2.632939
28.655858 4.274719
33.913346 3.177919
28.309487 0.571672
35.447008 2.019406
29.576613 -0.644758
349.564946 0.012253
2.307954 2.647150
2.207625 2.546433
349.062717 1.558622
17.772996 5.902489
33.796258 -0.761361
23.570837 0.259839
23.430400 0.524575
23.689046 -0.734831
23.423342 1.210764
22.070058 -0.086767
33.767879 3.974706
30.076571 -0.663400
24.415700 3.250469
23.650225 -0.346314
26.184825 5.315733
37.145550 4.519078
35.798488 5.238214
24.432429 4.823308
37.467987 2.305883
36.212854 6.163106
37.731717 5.450953
33.070254 5.164
35.29535 5.023203
36.884921 5.636531
36.668421 5.487119
35.482475 5.524056
35.998625 5.014567
33.891879 3.928994
31.729458 0.960567
23.410558 5.068428
24.165225 2.246494
25.389937 -0.244742
36.016825 4.196778
35.781992 5.656008
37.453804 5.180111
37.179983 5.559961
36.944329 5.834286
36.601917 1.872294
21.135887 3.920658
36.379146 6.041642
36.742625 4.835986
35.742488 4.792894
164.817667 0.486328
169.253454 3.635022
162.609575 3.597531
175.919213 2.854042
163.704367 4.334236
161.673025 1.566928
164.802058 3.492558
209.405267 1.741094
200.080925 2.650142
203.932342 -1.821717
215.935575 -0.986497
205.744521 1.461958
213.133154 1.615406
209.989037 1.666328
209.324554 -1.351078
210.163696 3.097331
208.467742 -0.571436
210.656071 5.097889
