74.463450 25.034150
72.925530 23.529180
63.202110 2.626310
65.721900 22.414550
235.187835 35.236680
245.213085 -7.564450
232.424715 -11.550390
80.136330 -3.963440
52.801905 21.180600
67.614615 28.097380
57.806415 17.959890
63.662700 25.949880
77.692755 10.813120
70.375530 24.333860
63.864420 1.280390
72.893220 23.722150
51.389595 19.273560
65.864235 5.947100
114.002115 63.690770
343.417560 28.310970
45.009180 6.411050
101.656605 30.727700
73.240215 22.251750
151.985460 8.868970
220.553205 0.595760
60.621465 16.439860
68.206470 25.625380
75.477930 21.942720
72.377850 21.970610
65.100915 19.899000
67.297980 25.675970
7.592310 -0.690830
37.963395 25.098450
35.960385 27.963700
78.999690 23.887240
74.241765 23.323400
63.518340 19.935160
102.987855 38.195930
49.094190 23.163630
76.290915 26.365270
62.303775 28.173550
77.880915 11.873220
73.571820 22.131520
42.157275 28.702730
20.967540 35.165130
119.381985 21.316040
78.005265 12.324980
331.086240 -12.163090
48.197805 14.461960
57.611895 27.698570
245.568615 -9.758170
135.163050 16.948320
135.201585 15.915070
168.302430 35.238760
60.504690 28.357590
322.440795 -13.261440
332.429190 11.266920
101.610180 68.293020
61.290735 23.155170
161.588205 23.072480
67.604325 24.116440
166.765815 46.387180
6.475530 11.517060
153.250755 10.020290
143.097030 6.464810
153.384915 9.618270
162.040125 25.496740
173.880285 18.502050
179.816895 15.584230
129.467325 36.786620
232.708935 14.816410
228.315525 12.087390
154.953705 -1.141290
205.328820 18.841290
171.894540 1.689000
153.271605 13.797790
204.316110 21.103790
149.665920 32.665180
179.436660 33.119260
212.294265 -3.641550
219.551475 -5.529500
218.262195 -5.821970
218.942940 -5.150630
212.911380 -2.221180
215.888355 -6.644340
216.278205 -6.832480
139.891365 11.643430
145.477650 31.015570
19.122810 -4.016540
3.624540 29.911420
347.547300 -5.000170
12.508215 15.181050
6.930135 24.034170
24.875040 19.836170
25.815945 18.260820
2.847645 29.401970
48.660315 18.673530
13.656525 13.772500
21.604785 10.581320
344.478495 -5.948590
132.752865 20.518520
247.919955 -8.944460
8.930580 11.735000
166.048335 45.013510
131.228325 11.372830
99.890730 33.221940
133.880685 16.310320
133.669050 17.368730
134.539545 16.544300
133.829520 17.519870
134.222745 16.861670
133.473705 16.365520
67.379910 24.961690
152.286105 3.080860
130.012035 15.632590
95.856480 52.992660
144.268710 47.718600
198.547995 29.981840
202.697175 28.794590
157.847385 28.001920
180.975675 3.318590
203.694945 19.750890
205.176315 19.471220
205.164015 21.928360
185.033820 30.635840
218.265405 0.861450
139.185525 35.684080
318.697575 9.813980
321.694275 -12.972110
333.460125 -11.095850
347.112315 -3.662350
339.458715 -7.278880
347.567595 -0.731470
336.635895 -7.823360
340.565535 -7.297970
346.312170 -4.927360
337.641180 -7.005000
339.712125 -6.422140
343.978395 -7.111220
351.319035 2.276600
341.894565 -7.696700
349.844895 -0.709840
344.264490 -8.243630
342.407955 -8.044200
347.025735 -5.701750
345.357060 -4.980860
346.356300 -8.032430
343.887105 -7.101270
349.131510 -0.173330
341.486085 -8.379230
320.356590 -1.262200
345.747570 -4.590400
350.912775 2.844820
359.708685 2.443350
358.353015 2.998320
340.913955 27.266130
12.629145 12.686810
57.074085 17.219280
359.401785 2.301170
12.021015 13.603620
14.090295 15.240180
26.861520 21.325320
28.537500 20.381810
357.034245 4.857560
23.989545 21.638620
25.756755 4.947990
26.588820 4.727240
26.445255 4.344680
17.186445 5.948610
29.160795 13.421870
28.009230 5.977550
56.396355 17.294620
19.791630 7.948040
27.411975 6.442880
26.252115 5.281260
25.826055 4.430980
351.889905 3.651860
27.508155 6.576450
26.341095 4.864060
163.503135 22.089180
166.235055 36.454620
120.797850 41.324680
156.640710 21.305550
233.855670 14.469360
181.955835 2.770880
184.224690 2.873060
226.863195 -5.058740
227.191920 -4.678040
229.095810 -5.797050
183.091545 2.831600
184.223610 2.284590
139.948245 21.665930
202.362855 2.826460
203.365305 1.782690
188.914935 3.971410
202.640085 22.131610
217.657755 -1.183780
218.205765 -0.278120
315.732015 -9.425900
334.146900 -10.043450
308.471175 -17.780730
308.738025 -18.761790
334.539930 -10.178030
309.158925 -11.304630
329.813235 10.567500
29.761275 21.604880
345.936075 -3.446570
17.483475 14.422420
15.376305 14.844250
338.087385 25.148460
338.952780 26.398420
309.267060 -0.734360
22.333365 6.654480
4.122795 5.616010
19.433235 6.633310
25.754205 9.729170
349.983570 4.372980
27.465540 11.144500
17.885160 7.868030
17.469285 6.978340
21.323235 6.429790
352.821780 2.966410
25.315770 18.778520
20.419335 6.770140
48.215505 13.974450
47.800605 23.968270
51.560910 19.610610
53.653680 19.247920
57.757320 17.536640
64.802520 3.483330
42.130275 6.285410
43.439880 4.382850
49.713990 24.641450
47.847795 18.269170
72.214815 0.721170
42.706635 5.216340
43.572270 4.970280
42.913635 6.038630
46.222275 20.540070
59.307615 20.038460
59.495115 18.870820
61.248390 20.437270
51.173985 19.654190
44.760060 4.745940
65.064375 21.307880
64.669005 26.172110
4.789770 5.396830
344.561655 -6.206080
29.177040 22.972670
66.178605 19.959330
63.727455 9.823940
48.308955 20.844270
62.144400 28.169540
73.017435 3.366890
44.386935 7.419980
43.292115 6.524020
42.936900 6.054260
59.610660 20.250090
21.983910 -1.706000
61.245855 23.150140
52.940085 19.558610
27.959535 20.957110
64.829760 22.123480
68.166225 25.648420
42.750525 5.438510
42.950145 4.435590
44.939355 7.129070
59.079705 18.787790
67.512405 28.613460
69.235320 25.989290
60.906885 20.038580
28.921005 0.349710
66.357420 28.281140
76.390905 17.390620
27.291435 10.710200
66.631395 7.369570
73.890525 7.788690
63.033225 22.642170
79.027815 11.558780
63.300000 21.916420
67.118235 7.372750
68.745105 7.511750
23.105520 6.624230
163.671015 26.796420
