194.17942 -17.63539
193.40450 -29.63175
193.59067 -28.55389
193.82333 -29.07306
194.01687 -17.54725
195.24325 -16.91908
194.68500 -29.19047
193.26854 -28.76831
213.41592 -34.60828
193.95096 -18.18556
193.04208 -29.52033
193.07937 -28.64539
193.65212 -29.13722
192.61787 -3.42933
335.84023 -4.84806
82.45234 18.78879
126.798735 20.743560
335.52657 -4.62997
192.16837 -2.02064
148.311795 20.601100
183.057825 17.797720
141.830115 8.279240
130.922835 4.749100
141.585390 10.717640
159.223695 0.052720
191.059110 19.539040
167.492385 20.400000
198.376815 17.324450
228.38683 6.03922
209.74692 3.42536
210.90458 2.37692
214.40987 -33.99472
337.29955 -3.39796
1.60433 0.12025
342.17797 3.30070
126.772560 22.951510
140.254620 18.207510
173.540535 24.911420
139.82833 25.71236
169.32912 6.55933
209.08133 -1.63756
168.47575 6.23075
209.08708 -3.48872
209.65338 -2.77481
148.563015 9.298430
187.56567 -3.30197
189.96646 17.86325
336.08910 -1.83558
339.51774 -5.91194
338.27414 -2.52053
336.67430 -3.16412
335.69577 -3.77949
339.66338 -3.64131
338.10119 -2.93526
319.467484 -17.573297
207.33028 -8.78888
336.48960 -2.95583
336.42660 -2.21446
335.15953 -1.78832
324.84863 -12.91131
125.794410 10.226830
142.348890 15.111380
136.989645 23.469370
164.62133 -10.57972
192.00304 -2.79158
209.24671 -2.60358
168.91683 5.50522
168.59004 6.80044
157.711665 2.463910
167.87054 -25.08717
167.17696 -25.38956
352.64104 -3.20664
31.92208 -0.36397
29.82496 3.59483
6.96850 2.10989
34.98392 0.40753
22.795317 5.440039
3.311850 2.749767
38.56771 0.61656
22.50808 5.30919
46.15383 16.93947
18.04367 -0.48633
24.27396 6.04639
24.057704 5.816847
38.64721 21.41464
