16.931990 41.215629
343.901406 -4.940666
262.510657 28.612057
20.398624 8.241208
127.936867 52.792039
30.942543 -8.379948
135.272947 15.592060
232.724328 18.039393
72.531747 21.258869
80.376871 21.716729
83.890840 -15.821926
131.427502 39.218931
134.517975 25.700774
45.384446 41.757280
222.940351 -14.528462
208.779266 4.426051
143.133106 15.024830
226.142075 -10.024669
144.545166 -12.366498
223.243059 5.448660
205.833535 6.458391
341.160584 1.043705
115.442847 19.813286
136.934504 15.808781
254.524583 19.757196
307.363033 -2.824568
140.024870 14.242667
136.929749 15.234804
115.208759 19.338272
183.543348 6.129142
136.320044 13.744090
120.528322 1.190974
51.423901 13.546384
356.331319 10.536941
129.648402 29.079493
351.577482 10.554563
32.681720 -1.417191
99.382053 27.551104
359.259334 -10.715836
143.435119 15.188944
136.819018 15.584202
121.119421 19.169080
123.219723 31.822398
146.637285 11.878512
222.893246 -0.783778
219.095464 -3.185655
214.053547 1.006477
216.578484 0.561042
348.803354 7.175573
13.483994 -10.457838
344.623193 -2.865900
40.341743 -8.055728
359.437540 10.664146
354.845605 31.183022
30.124002 5.401590
356.056837 13.6788578
351.641196 -10.587182
8.593248 26.880004
346.815491 9.858319
13.372292 11.632661
9.009514 32.351874
35.838419 23.110700
36.749220 2.474431
3.580912 15.604350
21.394515 8.514687
17.085442 8.372689
24.588184 8.052118
27.557433 6.821049
20.959882 10.773989
21.979655 9.288207
352.382811 -22.076576
22.123602 3.566331
350.385697 22.252455
26.711016 5.598563
36.618432 1.702031
29.675072 7.105122
344.406892 -4.038196
204.788813 15.553167
19.424887 11.986869
354.041169 10.926464
179.817263 -2.270850
170.574584 42.242523
204.832643 0.536968
202.958122 14.053344
216.901469 -2.251012
220.739181 -3.357065
207.709922 -0.699953
216.400875 -0.332208
254.9607846 -10.2528433
252.902923 11.625872
321.404987 0.445014
357.168363 7.770252
13.510204 -12.807155
251.815577 21.595057
322.775126 -15.422828
341.783814 -6.906341
317.537162 1.739265
319.114453 3.995045
318.744197 6.588564
343.3211838 0.3817961
340.295323 1.898570
3.554694 19.910290
43.448315 -5.572514
308.696098 6.969084
337.536403 3.994822
16.243892 26.432540
17.613912 -9.440928
8.122056 13.122690
36.100132 22.770565
136.290474 10.651944
327.523931 3.510840
325.191205 7.147041
354.015879 14.972145
335.326070 -6.647537
332.886278 -1.312274
330.878367 -3.196767
343.030080 -5.921381
343.791841 -5.442500
344.454908 0.441253
356.588617 -12.148483
336.774659 -4.877750
334.660346 14.220432
354.930487 7.839318
14.463134 22.792327
24.511571 24.302903
39.062104 -2.322497
44.192165 -2.028574
34.156848 30.316889
42.163250 5.665615
40.291422 5.935396
13.050616 11.269598
23.528357 10.776482
21.913329 12.739338
27.922628 10.665156
17.144928 11.072480
29.458041 13.461150
14.175422 12.033444
337.495789 -2.246403
358.995504 -14.285249
27.411722 -3.495969
43.291864 21.624373
39.568432 22.375241
40.731858 21.860149
29.919871 12.273977
24.048579 9.038204
24.550725 9.336832
24.478764 7.256860
27.581621 7.750071
27.667760 7.184075
20.568484 9.113057
26.642342 8.097919
23.945419 10.621984
19.926570 5.391910
30.010882 4.952247
17.675646 5.968653
27.777288 8.524867
19.348770 8.021814
24.467871 5.777546
27.460646 3.419467
33.074864 7.589562
29.728393 7.150520
31.460852 0.788107
32.367818 1.477100
31.076701 0.959279
38.197274 4.988550
34.335471 1.599760
35.710750 6.777274
40.889196 5.897395
34.839867 7.376530
33.469411 4.500517
34.893762 5.139091
31.670857 4.653050
36.731993 2.846341
35.051562 4.935022
33.664103 1.599101
359.523959 9.383430
351.617782 10.042309
33.663959 20.094250
35.925350 19.195259
35.037391 18.328928
42.224410 18.091892
44.147446 -2.610155
25.167071 11.284618
22.794317 8.096917
27.036758 12.439704
23.970543 8.196524
22.752008 11.147688
27.705022 11.274274
24.106367 8.195548
4.045553 8.787710
25.857658 16.257458
23.245196 13.348539
22.968482 8.349363
42.584234 25.686198
10.538756 10.477859
53.868623 -8.591950
27.904440 8.148092
23.857525 2.784251
29.560436 6.283426
20.535301 2.382264
31.031763 5.799784
24.613200 7.023025
24.62517 5.00581
21.718398 6.857066
26.945924 5.453234
26.664671 5.502512
20.256069 2.537824
186.726560 -4.648449
214.366427 6.783984
219.167653 3.150385
223.531402 1.361692
206.219887 0.506852
218.547565 22.482880
200.060440 32.773717
226.959399 -2.250916
200.3290099 1.3023135
149.640821 -6.815143
339.291475 20.754530
329.546054 -5.674859
335.620852 -10.717509
359.181021 30.409553
350.138318 28.785619
56.785209 13.541222
17.711366 25.104602
359.987942 2.394802
8.048969 -9.678294
324.596733 14.119710
259.315385 6.551972
22.493554 5.509144
31.556880 2.380322
34.130429 2.694291
39.096156 0.106236
37.589598 5.409676
32.684510 2.024870
37.745934 7.174076
37.247575 5.702482
36.573611 4.007824
33.533740 6.684795
34.134359 2.965883
35.272170 4.431760
31.858993 7.636022
36.863703 2.237666
41.029454 3.108516
35.827965 7.592294
31.257520 1.036646
34.756040 4.436038
37.656496 5.111887
39.463165 2.072099
41.222447 5.060575
33.035717 6.664698
54.605312 15.619255
20.629993 8.801957
42.058733 3.305370
58.680454 39.174091
32.801558 23.461058
58.934089 -10.621437
66.891870 19.937485
62.115737 29.264850
42.007911 19.421788
35.186048 23.144035
35.889517 6.881491
29.506339 22.339636
28.067428 10.520487
29.147609 13.042834
55.736701 14.794471
55.479813 11.330206
70.955512 31.454216
59.824071 14.213740
30.472299 31.316526
67.711846 9.495078
34.323735 29.903114
67.228360 20.547282
200.753731 1.824371
