185.909480 4.370051
185.114670 6.167500
188.001327 8.126988
187.192900 7.156871
188.460082 7.343346
188.092705 9.412512
188.117735 8.672752
187.013946 5.547458
187.749712 7.788875
185.676104 4.773397
185.830614 6.136706
187.816282 6.494275
186.525792 5.806078
186.876598 6.849221
186.774341 5.653333
186.646174 5.959063
185.972142 8.039053
185.101128 4.650904
187.285178 6.425641
187.418960 5.955278
188.087788 6.839693
186.435852 5.083591
188.297627 8.750909
184.337182 6.463978
187.611418 6.575241
186.582371 6.283216
184.728023 4.747916
185.831749 7.738684
186.128386 6.429111
186.545927 7.790144
185.004910 5.220536
186.273918 6.045934
184.501275 6.737953
186.943504 6.481531
186.671791 4.670762
185.633513 5.491737
186.989468 6.121027
187.816667 6.320427
185.370437 6.846720
187.016148 5.127278
187.211505 6.389203
187.584219 9.077616
185.005100 6.539024
188.331701 7.546346
187.794850 7.660570
185.183334 7.318571
186.122130 7.357457
185.140716 5.156547
188.708709 8.769990
186.880988 5.254668
186.116631 7.073011
184.952070 5.124689
188.346151 8.257269
184.216401 5.926001
186.133218 6.872591
187.855562 8.360537
188.716837 7.016347
188.963865 8.791625
186.278384 7.347196
186.470198 5.885642
184.390653 5.172593
186.922880 8.963127
185.491047 6.718669
185.901985 5.410260
185.302282 6.298696
187.943315 8.007447
185.204352 5.048760
185.634455 4.191082
184.015651 4.786170
184.896765 6.400302
186.515042 4.942900
185.270238 4.737268
186.821738 5.634378
187.957387 7.730306
186.809429 8.431476
188.866676 8.786729
187.669332 9.003344
187.388617 9.069572
187.255816 5.826923
185.200414 7.416916
188.664953 7.753044
186.378747 5.145142
186.012126 4.671794
186.054068 6.495725
186.107022 7.296219
188.778970 6.886783
188.747406 7.219956
188.879044 7.884337
186.091619 5.645496
187.719143 9.131785
186.761091 7.172986
185.333885 4.817637
185.510519 5.829332
189.099613 7.280055
185.770932 6.455207
187.947217 6.968138
188.919214 8.144159
186.057035 6.693062
187.643768 6.166111
185.928365 6.614719
187.771585 7.130888
186.013967 4.762719
185.760620 6.639044
186.473877 6.408310
186.879040 7.121102
186.698338 7.572526
185.475520 3.891403
187.010794 4.762846
187.004585 7.143390
185.613679 6.333854
187.569203 6.220266
186.508730 5.123575
186.997422 5.903487
186.353451 4.596542
185.883722 5.196563
185.234547 6.400461
187.332304 5.215675
186.725008 7.570720
185.877917 8.719095
184.869123 5.538280
187.022271 5.922871
186.025017 6.585192
184.522100 5.742578
187.248538 7.629267
186.674027 5.995032
186.749629 5.189379
186.895810 5.671536
186.596946 5.005791
186.142171 7.442835
187.310372 7.373761
186.653759 5.129771
185.227909 3.918599
185.845104 7.121475
185.790284 6.972883
188.898359 8.719601
186.340984 5.538487
188.083051 7.937701
186.666296 4.937019
185.763875 6.527431
186.474935 5.284968
188.312242 9.259254
185.537516 5.535097
189.086065 7.677412
186.326016 4.478615
185.123778 5.123454
187.251420 7.603060
187.756502 7.365583
186.134900 4.781046
185.958267 4.638301
186.801125 5.326952
186.074719 6.622241
184.858171 5.587297
186.697959 5.638593
187.481089 8.072133
186.975892 6.787280
183.816569 6.219774
184.632590 4.820045
185.773059 4.800903
188.189216 8.864415
186.534182 6.963698
186.922246 7.303242
187.195306 6.008854
184.899911 5.572872
187.242397 7.482796
186.381875 5.727467
189.024467 8.749714
186.849176 4.890823
188.919348 7.661270
184.855992 5.711757
185.363845 4.253469
188.905574 8.555906
186.357883 7.123513
186.887578 8.134787
188.336892 9.226123
184.887104 5.635298
186.475286 7.413930
185.256796 4.789337
186.638400 4.336170
184.962236 4.223357
185.430181 5.457707
185.621999 5.252725
188.377565 9.054002
186.400287 6.116829
187.139831 6.154549
188.333454 8.511800
187.415828 9.897957
186.285169 5.230946
188.987757 6.965390
184.808459 6.307235
187.755923 8.593239
185.438600 5.301030
187.665959 6.850576
186.044702 4.562690
186.511081 8.906939
188.551279 8.274760
186.284693 8.121934
187.349993 7.066375
186.530292 7.621844
187.547926 6.480560
188.120310 7.403165
187.094090 9.559859
185.947689 7.300445
187.367775 9.085076
185.655893 4.402652
186.615461 5.667762
186.561074 8.026970
185.541509 5.782334
186.203715 5.103281
185.715234 5.782961
186.846719 6.199904
188.818831 7.457183
188.604401 7.663695
188.711104 9.365136
186.142317 7.524448
185.901337 5.338888
186.297296 5.375681
188.318824 8.835549
187.977839 9.367857
189.369193 8.147169
186.566944 9.613781
184.829877 4.568517
188.007078 6.828494
186.391181 5.968132
186.182308 5.631008
186.446482 6.498136
184.882211 5.104698
186.800525 6.153500
188.990456 7.200335
186.844649 6.971742
184.157172 4.406271
185.138855 6.897003
186.534444 4.777935
188.012312 6.191043
189.240436 8.518980
188.198712 8.146724
187.757036 6.313184
186.856605 5.176584
188.058179 7.263992
184.814953 4.870766
186.344650 6.181748
187.377171 6.185667
184.573100 5.293463
187.490613 6.232086
184.405134 4.408834
187.523512 8.794991
187.443859 7.226426
187.378751 9.270035
187.237792 5.854571
187.519005 7.093707
188.888691 8.994972
187.768374 6.532707
185.829296 7.158630
186.183793 7.644461
188.326434 8.719618
186.330812 6.476841
185.447836 4.685710
188.057115 8.862421
185.527947 5.662856
184.566012 5.098931
186.024461 4.350924
185.551216 6.137387
189.064339 7.338984
186.774760 5.352315
188.293297 8.244014
186.336252 5.654352
189.074938 8.043914
186.694595 5.531035
187.467620 7.894648
186.289802 7.168862
186.343302 8.207378
188.198227 6.797511
189.005650 8.942819
187.034878 6.139078
188.088684 7.633208
185.832437 6.628413
187.168597 5.291220
185.301108 5.840560
186.367462 7.439312
186.395868 5.776485
186.223806 4.660805
187.693972 6.082427
186.418895 8.136648
188.052654 9.297778
186.131603 5.189738
186.138778 7.149153
186.041313 6.445329
186.380836 4.935182
185.510963 4.443575
186.365224 6.143862
187.522548 6.240068
186.047352 6.872800
185.464027 7.724326
185.898148 6.563447
188.363166 9.587522
185.988624 4.179448
188.014910 7.691770
184.712057 6.278183
185.048627 6.997220
188.234326 9.231039
187.412175 6.559724
187.070878 7.619750
187.658094 9.603570
186.483059 5.304683
185.820286 4.346547
188.385974 6.994004
186.610586 5.561643
188.045232 6.983532
187.922544 6.370929
187.228574 8.284762
188.005659 7.690157
186.560645 7.032273
185.564061 5.273656
186.728606 7.420214
186.549192 5.322972
185.947159 5.512775
188.745906 7.764080
186.263808 5.981130
185.033722 6.111859
183.833231 5.484816
187.272027 6.442566
184.953080 4.515259
186.805359 7.894927
188.709429 8.281270
183.620150 5.330858
188.517415 6.543559
185.114960 5.943171
187.118815 6.050112
184.382556 7.196574
185.423348 6.138146
188.727621 7.622787
186.335619 6.896576
184.491309 6.294090
188.143951 7.017861
187.361115 8.472921
185.888466 6.085658
186.883062 4.544207
187.363103 7.085530
188.704953 7.248631
187.874694 6.719827
185.038734 6.857754
187.681505 8.808161
188.150543 7.991433
187.885806 6.721769
187.853411 6.274245
184.488433 5.052920
186.218795 5.017885
187.412882 6.236930
188.826109 9.075488
187.436756 8.318306
185.053509 6.207408
189.120801 8.293567
188.174576 7.710703
188.391349 8.517423
184.533848 5.718819
188.884049 9.083121
186.976278 8.361458
186.111563 5.392658
185.655835 6.409960
183.463203 5.110826
189.134183 7.980565
188.240422 7.099240
186.214988 8.502403
188.217630 7.668507
188.896787 6.820104
185.744412 4.916945
186.158229 4.012886
186.009177 7.938629
189.142668 8.293724
186.146399 5.345529
187.232925 7.848039
186.803530 5.168284
184.859537 4.107543
188.806255 8.959560
188.370646 6.914092
185.270034 5.284706
188.262842 8.108382
185.396583 5.526976
188.538988 8.044629
186.052984 5.142959
185.486482 7.337058
186.060786 6.893307
186.099047 4.735640
188.060945 7.023994
184.536367 5.838509
185.457276 6.255200
184.936769 5.130194
185.704133 4.051859
185.258312 5.247592
186.289110 6.450133
185.984164 6.439887
188.827072 9.043145
187.786117 9.390538
187.640917 6.600841
188.281471 8.192779
186.428048 9.486550
187.669077 7.806760
187.860982 6.434387
184.834171 6.044387
184.862354 5.747047
187.438853 7.265018
189.155811 8.208669
183.949376 5.629462
186.694492 7.672526
186.570090 8.092246
187.605830 8.476626
186.303051 4.598913
188.814922 7.762103
184.470337 6.165985
187.527070 5.498166
187.051240 5.075704
186.156768 7.205363
186.233922 7.269163
187.957123 7.159148
187.093442 9.262023
183.726972 5.930808
187.571921 5.455256
186.175236 6.828594
186.491517 5.428335
187.153995 5.676894
186.769186 6.028661
188.656884 7.462206
185.130913 4.007034
186.518821 6.406091
186.408868 6.183067
187.922435 6.756622
186.817190 8.719769
183.803118 5.935297
185.350520 4.350294
186.352375 6.023450
187.699522 7.864650
187.869766 7.687987
188.837690 8.552374
187.230738 9.286367
186.774763 7.778098
187.539131 8.791638
185.322524 5.773994
187.651906 7.416281
185.849619 7.892472
187.033595 8.040518
183.505251 6.003031
185.516312 5.516949
184.091366 4.858851
188.641793 8.914512
187.441702 7.093758
189.108956 7.699231
188.662814 7.532505
187.650615 7.604134
187.856347 7.066669
186.399364 5.329513
184.868039 5.309557
185.033867 5.703022
186.845939 6.294623
187.626675 7.956837
186.814076 6.653931
188.178545 8.902337
188.007537 8.145463
187.264836 9.341732
187.334165 6.756360
186.515832 5.119515
188.302642 7.480967
186.020195 6.594593
186.529256 8.216282
185.726093 8.041062
185.372900 6.183347
189.088072 8.534503
187.692611 9.515304
185.635702 5.604768
187.953376 9.635512
184.903871 6.745139
186.190942 4.628702
188.835591 7.925369
186.750339 5.527510
187.798446 7.021924
186.978444 6.735379
188.530761 8.132357
185.796340 6.029018
185.580158 5.566860
185.803535 5.287966
187.299165 7.224872
186.548743 6.254219
186.728291 7.065880
185.498472 6.710670
189.041788 8.940640
186.167534 5.705361
187.182218 8.325891
187.973127 7.735718
186.397177 8.413540
186.353560 8.430430
186.584020 6.547305
184.541200 4.208840
185.085932 5.119462
186.811106 6.532621
186.495281 8.798671
185.592707 6.195345
187.507607 9.850978
185.683569 5.469374
186.177007 6.334120
185.385256 7.047486
186.446975 8.682776
184.677789 5.005298
185.158798 5.056686
189.022228 7.642330
186.821125 6.565805
186.330783 4.235467
185.920531 4.534097
187.864380 9.981074
185.043260 4.767111
185.599812 6.360647
187.241045 8.724356
188.647482 8.469749
186.272909 5.608333
185.630133 7.663530
188.685089 6.836905
187.172048 7.045335
188.200099 6.583538
185.532876 4.956543
185.789964 4.595082
188.773543 7.798027
185.621289 5.955477
187.065807 6.723303
186.768961 8.244193
186.188864 6.829156
186.464874 5.716374
186.027349 5.310316
187.074318 6.039030
187.331372 6.623348
185.392344 4.686428
185.919255 5.034669
186.041253 7.380174
186.432785 5.889390
185.334897 4.439955
188.110297 8.032728
186.807437 6.169757
185.778884 6.783964
186.840115 8.241449
187.403134 9.975339
188.186989 6.999427
184.673982 5.788689
187.858802 9.087672
184.750672 6.267894
184.795854 5.625575
188.773386 7.639057
184.795988 4.367815
186.750456 6.975536
186.752950 7.891395
186.191962 8.682704
186.117972 9.240116
185.160692 4.142261
187.112202 6.018773
185.091282 5.360694
187.081083 8.685310
186.842376 6.881089
184.613787 4.919883
186.039003 5.652412
185.484837 4.763288
186.433738 8.611200
186.779930 8.104986
186.126960 6.904952
185.705270 6.264945
187.082274 7.679728
186.784049 8.527195
185.465603 5.855388
188.747138 9.273138
187.145241 5.578890
187.750519 6.031221
188.321443 7.801625
188.277357 7.844628
188.371194 7.849962
185.732274 7.367974
187.218330 6.706479
186.919085 5.402265
187.848827 7.164647
186.199668 5.989116
188.733523 9.624645
185.627599 7.188910
186.508246 5.802301
186.458567 6.761880
187.734644 8.773342
186.033945 7.225742
188.678443 9.200988
186.489438 5.074785
187.115788 6.168900
186.185160 6.025758
186.607684 7.234430
184.439496 4.406089
187.472947 5.444831
187.081790 6.899500
187.347560 5.763093
187.475100 8.312301
186.700014 5.991362
188.413085 7.819720
185.381168 5.033396
185.327101 6.634964
187.983756 8.933745
186.857217 7.575835
188.108516 6.275953
186.842484 5.747376
186.052633 5.199211
187.529154 7.904825
185.843407 8.269801
187.365529 5.723296
188.480700 9.595213
186.685741 7.389025
186.426380 8.353003
188.743758 8.486568
187.904023 9.543289
186.707215 6.274596
186.980351 6.210613
187.762856 5.848164
186.900644 6.394256
186.103789 5.137532
187.562883 8.080611
186.977110 6.095159
184.862200 5.967348
184.396998 4.243570
185.605852 4.339995
186.647834 6.618937
188.152017 7.387783
185.247230 5.709809
185.606215 6.405831
188.766222 7.279667
185.038261 6.263642
186.030990 6.379552
187.744383 6.096238
183.679117 6.864813
186.225091 7.324886
185.057731 6.600698
185.913243 7.496577
186.576051 7.436435
186.766139 7.092047
186.507658 4.508415
184.026743 4.795175
184.274452 7.321263
187.338356 8.949321
187.279420 8.301958
186.083635 4.208115
188.289366 6.939273
186.093734 6.054736
188.820567 8.018044
186.966002 7.369039
186.775358 6.691310
187.408680 6.745438
188.094762 9.484930
184.893540 5.132081
185.152259 5.263936
188.958325 8.685835
188.648023 8.623191
187.892601 6.107138
189.133362 8.139290
186.285641 4.657082
186.119427 4.847350
186.227583 4.172448
188.378829 9.329338
188.083291 8.334940
186.289118 4.942025
186.072483 7.539929
187.387346 9.669680
188.337142 8.008570
188.980202 7.137809
188.396615 9.394182
186.197460 6.899653
187.867890 7.633318
187.525680 7.841886
186.152606 4.811533
186.665680 6.120894
187.210434 7.787660
186.889766 8.343282
184.735978 6.561765
184.472278 4.309247
187.426669 7.520876
186.275466 8.007417
187.292338 6.661283
188.975199 7.266825
186.776712 8.239812
185.592925 7.172432
185.970020 5.990401
187.848258 9.763474
186.139725 7.832403
187.257950 6.116656
186.350551 6.110711
188.273296 8.643061
186.516422 7.508964
186.859046 8.949655
186.841195 7.202873
185.889342 4.778616
186.512630 4.789809
188.630439 9.073549
186.136371 4.194635
187.345571 8.386327
187.987715 6.263652
184.836816 5.846338
184.860917 4.071280
187.838015 7.933327
186.213748 7.844099
187.239308 7.355066
183.998067 4.455136
185.091268 4.628757
185.547716 7.773128
186.459235 7.943200
187.862190 6.060020
187.502152 6.284427
184.685816 4.420267
186.259418 7.814751
188.683581 7.974906
186.091656 4.091768
186.343062 4.218884
187.462437 6.577638
185.899575 4.095775
187.651576 7.319574
188.607783 8.318805
187.548033 6.487454
185.696530 5.520305
186.785014 7.656125
188.050213 9.610818
187.205956 7.811256
188.586087 7.662105
186.015106 7.931626
184.980581 6.447260
187.035273 5.258528
188.277040 9.369762
186.091733 5.856491
186.363049 6.653602
187.383920 7.922028
186.495453 8.155411
185.670637 4.060249
188.085940 8.563439
184.983099 6.755711
186.658176 6.891300
186.100673 5.554182
188.499038 8.251414
188.630933 7.078319
188.156796 8.205298
184.300796 5.750789
186.748822 8.645015
188.105337 8.717869
186.020792 4.573292
186.347641 7.460038
187.819666 9.124505
186.366053 5.474143
186.064630 7.441965
187.479849 6.173368
186.961514 7.614207
188.051535 9.033253
187.953108 7.204872
187.156199 5.357985
187.962456 7.235857
186.344740 5.564044
186.591481 5.308856
186.148287 8.150035
187.543534 8.222848
186.715771 6.784325
187.007127 8.618661
186.181665 7.655577
185.480350 5.583789
188.544002 9.156574
186.727793 6.637592
187.818745 6.687172
185.512085 5.008298
187.891132 6.036627
187.960143 6.894828
185.996914 7.592117
187.262354 5.434881
185.221860 4.630807
187.920624 6.319634
186.076192 5.284931
186.702447 6.633725
184.018129 5.204460
188.888017 7.084209
186.762635 4.904816
184.652847 4.972395
187.034420 5.187598
188.456059 7.971464
187.007472 8.036199
185.692865 4.196101
186.837733 5.705289
186.471552 6.621602
187.476474 9.787457
186.591264 8.116982
186.630337 8.159510
185.647025 5.214426
186.764693 8.582890
185.358767 8.219038
185.321738 6.032123
187.680598 7.271360
185.962570 5.783315
186.178519 4.619166
188.367189 8.703969
189.123102 8.069947
185.497473 4.440639
183.843273 4.396316
187.131171 6.319599
187.401374 5.575984
186.496290 5.746128
185.633762 7.843698
185.935614 6.451877
188.342587 8.045823
184.442266 7.222278
187.700424 8.025210
187.347431 5.274210
185.018829 7.036773
187.044137 8.538875
186.001997 4.510958
189.259202 7.146219
186.904063 6.133052
187.131458 6.336238
183.302387 5.918867
184.303762 4.443540
187.595741 6.849994
186.780402 6.797967
184.552404 6.414344
185.761741 4.757451
187.429498 7.523366
188.936824 7.862759
186.682792 8.712351
186.006164 8.215778
187.373434 6.391672
188.055103 7.852647
185.869677 6.986854
186.898907 6.242938
185.660412 4.787640
187.295363 8.152688
187.301708 4.999710
183.707379 4.546343
184.732501 4.508567
188.813749 7.760033
187.892435 6.786460
188.695690 8.431160
187.198211 5.006449
188.147987 6.913396
186.178337 7.421148
187.176339 9.055348
186.016799 5.850523
187.559299 6.980087
187.837711 7.879114
184.697936 4.813660
186.210645 6.423038
188.539287 9.191279
184.499023 7.373140
184.617255 6.037518
188.592695 8.608422
187.077957 5.263787
186.866874 7.865366
184.325252 4.739911
187.960425 6.283946
187.808523 7.465309
183.608898 6.191430
188.008354 9.490725
188.953967 8.317723
187.208183 6.838888
188.742916 7.472761
185.811110 4.376943
187.671713 7.176922
184.359882 5.930413
186.672115 4.766140
184.396034 5.812964
187.683119 6.133552
188.430830 7.375470
186.972379 6.220951
187.849665 7.406703
186.839768 6.510966
186.506457 6.461049
185.345956 6.482092
186.245932 6.179374
187.214177 7.546360
185.375147 5.499752
185.242864 6.807481
184.797332 5.227992
185.342954 7.887768
187.525180 7.929623
185.367689 5.055419
186.097075 6.399845
186.685406 4.737729
186.019815 7.463359
186.557173 7.302463
186.683747 4.678939
186.361414 6.028021
185.297432 6.328846
186.443079 4.208643
186.897592 4.691642
187.007453 8.297789
186.794075 5.035999
184.686136 5.434840
187.035405 6.493318
188.684363 8.657587
186.500995 5.570643
184.592197 5.902982
185.379270 4.515319
187.834285 8.052172
186.601315 8.434154
184.740831 7.120630
187.213088 7.816163
188.910977 8.385323
188.756740 8.762666
186.639695 5.870651
185.037513 5.658669
186.338435 4.730858
188.556696 7.182470
187.933343 9.298233
187.490176 9.427556
185.950434 5.082626
189.366572 8.676320
185.209836 5.232050
185.792428 5.991804
186.948570 4.755692
187.013908 9.421928
187.287261 7.829412
185.957950 5.934066
188.983887 8.632774
187.295641 8.881702
188.522721 8.943302
185.329807 4.748960
184.989292 5.757753
186.196376 5.999204
186.464601 7.540044
186.042636 5.465494
184.793622 5.478807
187.473518 7.990179
183.686981 4.817611
186.040168 6.552392
189.136603 8.319917
183.609303 4.705942
187.269505 8.606428
188.181579 7.514099
187.389166 5.873602
186.501895 7.232758
188.142600 6.436380
186.579093 5.702981
185.821224 4.870744
187.618359 8.474326
188.282296 7.018849
186.758653 8.302129
185.321559 5.397172
187.056931 5.908396
188.253387 7.241354
185.226456 5.660734
184.383576 4.146099
186.958527 5.494249
186.569170 6.304249
186.479955 9.018452
184.362435 5.194594
187.518283 8.174518
185.070672 6.721813
186.355881 6.127733
185.731510 4.083600
185.514635 4.934221
188.939927 8.216292
187.115337 7.378990
188.080955 8.735835
183.538075 5.107374
188.867784 7.099069
186.127589 6.142486
186.985029 6.740242
188.631617 8.005601
187.845552 7.093740
186.069121 5.914294
184.662629 6.047011
188.098694 7.134894
185.952102 5.984221
185.464172 6.865431
186.187826 5.942198
187.700130 6.448701
186.793285 5.084509
187.362953 8.565498
185.276564 5.484546
185.633356 6.497801
187.709113 6.577427
186.648167 4.770262
185.526978 4.148559
186.566095 6.125890
187.010349 5.946179
184.629657 5.914864
186.580291 5.197478
185.257611 7.236912
188.137650 9.840482
184.912913 4.043031
185.121315 4.872713
186.646190 6.450890
188.018562 8.721853
187.858989 7.382912
186.397484 4.805947
186.573796 6.878267
212.098951 -6.032008
185.933476 5.427131
185.573226 4.642531
186.433688 7.887494
187.478281 8.971173
187.950262 6.142272
187.048120 7.707016
185.186378 4.290299
186.232338 7.395333
186.719812 4.955224
188.413562 6.811008
187.246341 5.414015
186.042458 6.932100
185.761321 4.364391
187.729810 7.803092
184.248745 5.338054
186.659751 4.652362
185.510988 6.049120
183.973385 4.384607
185.613275 5.976570
186.561185 7.067076
185.363082 5.944550
186.877771 7.218706
187.192254 7.638399
186.680563 6.836253
186.890114 5.528621
187.923330 6.938853
187.803769 7.127529
185.681479 6.748011
186.611320 6.681285
185.860596 5.239138
187.863532 6.966566
184.888009 5.035052
185.436775 4.502631
186.561660 6.441707
187.267758 5.662894
187.108578 5.764628
187.959581 6.402997
188.115056 6.565657
186.767107 5.552063
185.097613 4.432112
188.890132 9.176214
185.053155 5.585442
187.652144 7.391999
188.287776 9.549026
185.097906 4.674964
186.796941 5.344371
185.425525 5.123354
188.219633 8.719921
184.780824 6.493989
187.213242 9.678642
187.272333 7.671805
186.568866 6.046013
185.666280 6.493444
186.721887 5.062958
185.824576 7.761866
186.876601 8.415123
186.877131 5.281530
188.545198 7.771665
186.548713 7.112900
186.501864 5.121881
187.147933 6.297709
186.763937 8.132784
185.275379 5.364369
184.313628 4.158537
185.746513 6.615928
188.384770 8.049865
184.669765 6.884573
186.940833 6.767445
186.072669 5.615133
188.061387 9.747206
186.336321 6.859575
187.683137 7.815171
185.878260 6.258120
185.723111 6.293429
184.557570 4.398145
187.159313 7.219107
185.710885 6.460378
187.414525 9.100952
186.053531 5.135331
186.607948 7.185206
185.570579 6.413293
186.764588 8.575700
186.223121 8.191419
186.373376 5.036157
186.759601 5.949102
185.720992 6.354961
187.780352 10.015925
186.214139 4.475759
188.002851 8.775042
188.268988 7.560411
186.790461 6.345599
188.716797 8.041416
186.591756 7.304716
186.897447 5.622715
185.936357 5.769191
187.811620 9.172951
185.829415 6.001128
188.249068 7.533676
188.935607 8.937636
184.723220 4.513334
187.075699 6.597987
187.376569 6.912298
188.380085 6.678226
187.821765 8.166740
185.845268 6.371734
185.080119 5.082239
185.644564 6.662921
185.071922 6.502763
185.873095 6.248564
186.612465 5.175258
186.013651 6.458929
186.387484 7.677381
188.386085 9.891377
188.923450 8.515846
187.677487 5.773291
187.375326 6.160870
186.136477 4.340466
185.626134 7.528201
185.209496 4.537702
185.198197 6.044179
189.224233 8.459713
185.326598 5.892800
187.160123 8.546245
185.821837 4.898849
186.488509 7.105521
187.710695 5.518494
186.383902 8.178174
184.989190 4.938407
186.734060 7.450540
188.260749 6.998093
186.247642 8.067868
183.525603 6.014052
183.564447 4.922606
188.713655 7.490617
188.690926 7.539441
187.848237 8.837842
186.934064 8.052751
186.986079 5.684853
184.580659 4.440507
187.223200 9.221880
187.208605 5.628652
189.012479 7.643664
186.664645 6.005230
187.704938 8.020482
187.256039 6.325607
185.883549 6.988540
188.410435 9.486887
187.771157 8.962417
186.160669 5.957349
184.204182 6.422260
185.626875 7.507393
187.026422 6.576630
188.346569 8.294922
185.111242 5.603998
188.420910 7.680892
186.610675 5.384912
185.451448 4.809968
186.871187 6.213970
187.143469 6.297711
184.981664 5.351441
186.646276 4.869207
186.988004 6.977381
188.571906 7.264406
188.677666 8.677161
186.179049 7.018035
186.012076 6.928094
187.019403 8.749005
185.957425 8.936882
189.019654 8.591328
188.229170 7.025037
187.788432 7.516249
188.020143 6.290889
187.539078 6.441582
188.060825 7.501704
185.895585 4.683039
186.230952 4.663649
185.919546 4.498119
188.366370 7.619648
185.905328 5.540688
185.733973 4.250241
186.301337 8.526779
188.882650 9.097559
184.640973 4.574029
185.775652 5.473813
187.789023 7.908195
188.007748 7.199056
186.816502 5.483694
186.309149 4.622097
186.182771 5.463972
184.826977 4.457773
185.506216 5.292503
186.152544 5.951529
184.814312 6.166322
187.769380 5.886895
185.888415 5.566926
188.494413 8.577264
186.088463 4.907636
188.958318 8.817313
187.396535 8.953299
184.441475 4.869999
189.166593 8.388921
186.788448 6.279694
186.343209 9.666219
186.593451 6.010457
185.460758 5.144967
188.213382 7.037979
186.541947 6.911245
185.440375 5.447055
186.763223 5.989133
184.766938 5.754215
188.922478 8.030487
188.348810 7.847371
188.536942 8.422468
186.446326 5.856162
188.276282 9.518487
187.744035 7.895783
183.632726 6.707178
185.862658 4.909954
185.404595 6.911894
186.615631 6.517327
186.191185 6.088512
187.075222 5.453304
188.657609 8.106898
187.725022 6.627080
188.523809 8.652979
186.904105 6.007897
186.805652 4.349008
187.436552 6.842109
185.515027 6.009108
186.957840 8.616467
186.746720 4.989644
188.571789 7.770769
185.806032 5.915263
187.125871 6.976959
186.837351 6.877431
188.116482 6.310193
187.263785 6.935261
185.680550 5.547798
186.523680 6.205826
188.716216 8.876966
185.183213 6.685758
187.424883 6.032118
187.467007 6.650739
184.831120 6.414618
186.338313 5.573690
187.998346 7.155006
184.891166 6.411936
186.955311 8.608089
184.572637 4.023813
187.677170 6.098735
185.586109 5.788365
187.102872 6.687673
185.779445 5.329944
186.461718 6.483109
186.766279 5.254846
185.985969 6.809079
186.947585 8.021949
187.053634 9.434111
186.235393 5.625120
186.739216 5.436376
186.815913 6.653683
186.103715 5.239035
187.224552 5.978744
185.788383 5.434248
184.595939 4.249309
185.305819 8.235516
185.343600 5.748035
186.159127 8.053828
184.502860 5.476995
188.093711 9.044527
185.935266 5.096182
188.396250 6.776461
187.645060 8.243199
187.780748 7.605618
184.834011 6.058141
186.544802 7.462869
186.471387 6.478439
186.905333 5.389565
186.079405 6.028669
185.806132 7.267007
185.597829 5.176600
186.666882 8.851907
185.010078 3.905682
186.574511 6.238920
183.275123 5.194498
187.452998 5.838469
184.840315 5.938002
184.817236 4.362500
186.494808 4.858454
186.056158 5.460798
186.538946 6.677483
187.148539 7.664856
185.638814 5.322185
187.126519 6.462004
186.845701 7.020599
185.179085 6.809182
187.289184 6.405615
187.941838 5.984577
185.325519 6.340245
185.653478 4.105143
188.431371 9.267541
185.512578 6.241095
187.265284 9.474220
187.797508 7.781439
188.167001 7.032201
186.575752 9.487852
186.621922 5.958391
185.783029 8.055663
186.710044 4.298783
187.583215 9.068623
188.422794 9.425401
184.439284 5.419099
187.084862 7.184712
186.181990 5.198893
185.751378 6.961913
188.682268 7.402588
186.091671 6.446810
187.563758 6.780556
186.426516 5.005193
185.349219 6.145201
188.798401 8.468203
185.415598 7.190332
184.700038 4.969645
186.656853 6.540372
185.659870 6.564376
187.967224 6.848986
186.083095 4.205703
186.253141 4.801220
187.181444 6.103775
188.873654 7.844950
187.462701 6.838603
186.479642 5.865182
186.695378 7.370108
186.494346 6.794420
187.583217 7.084602
186.287598 4.734787
185.910060 7.986958
183.628066 6.252558
186.474050 5.370295
187.360830 6.875695
186.802738 9.157489
184.768736 4.985151
183.916184 5.605712
185.819183 4.204544
187.474472 6.760368
187.721564 7.367517
184.738162 6.802110
184.550917 4.832527
188.076834 6.633647
186.014574 7.571537
188.920175 8.610193
185.143460 6.537619
187.536890 9.226136
186.647740 8.460187
187.827398 9.035056
186.808232 7.103867
187.075841 7.075028
186.118940 7.259093
187.374100 6.719612
185.987523 5.084241
186.965828 5.035786
184.121097 4.676186
187.397759 5.407045
185.784742 5.281384
185.370892 6.840980
187.981645 7.086378
183.902167 5.894340
184.948207 5.655901
188.774864 7.373571
187.596497 6.065839
188.488831 7.407023
185.954212 4.751525
187.649418 9.764708
187.398289 8.250646
186.931492 6.207864
187.181345 5.068067
185.492100 7.537006
188.078981 6.329803
188.457567 8.963888
187.197194 8.140488
185.342792 5.133262
189.168953 7.808564
189.107301 7.952513
187.195512 6.691631
184.649454 6.691134
187.619968 9.226290
188.808104 7.159140
185.205140 4.977558
186.674780 8.150797
184.690428 7.257073
188.914498 8.929252
186.130054 4.838996
188.665198 7.870409
186.297578 5.641155
185.690359 4.476375
185.341928 7.213273
186.873989 5.332912
185.508211 5.144714
184.538365 4.755098
188.790607 8.622869
188.865548 8.395888
186.009837 4.807413
185.516755 4.235763
185.846329 5.864151
188.978204 7.733820
185.948791 6.610341
187.033107 5.301442
185.556670 7.506526
185.196357 4.524060
186.140504 4.944258
186.315718 9.202715
186.906364 8.597658
188.716261 6.984114
188.489703 6.986945
186.706413 4.936858
188.808125 9.331869
185.684034 5.536918
185.918198 6.592799
186.219031 7.275579
187.022738 5.693129
186.242718 6.771442
189.180952 7.781367
188.929369 8.739129
187.273892 5.757904
184.266740 6.771692
185.505342 6.770864
186.598359 9.241476
187.842267 9.505764
185.934370 9.138398
185.464567 5.685565
184.963129 4.252577
188.273222 6.922484
187.381050 9.361296
185.725170 6.649027
186.919403 6.195410
186.829625 9.548847
187.755512 6.606905
184.594784 5.815025
186.222626 7.811910
185.530189 4.808617
186.627265 7.379267
187.978760 6.614455
186.297214 7.339841
186.290661 6.927849
184.731356 5.479731
186.641117 7.339475
184.720683 5.295382
186.095588 5.274467
184.121440 5.505662
186.385510 4.734318
187.170985 6.812412
185.744247 8.619227
188.626889 9.220932
187.008174 6.146678
184.565007 6.095059
185.625192 5.607763
185.575658 5.198944
186.061291 4.930285
184.982455 3.952314
185.787402 5.710327
186.437573 8.178601
184.727652 4.058167
184.255243 4.390187
189.005000 7.714705
184.447676 4.705715
188.425260 8.773753
186.436791 4.559126
187.006699 5.392389
188.397265 7.147244
187.424178 9.507002
185.846748 6.489649
186.923213 4.723048
186.340201 6.555485
185.448918 6.097233
187.617992 9.578421
185.183257 4.375108
188.571053 9.308171
186.610164 7.836389
186.482640 6.613756
187.781105 8.161203
186.102231 6.745143
184.742389 6.782560
185.342163 6.882113
186.139104 7.594365
185.214894 6.784950
188.018716 9.462335
187.058658 5.979854
185.290084 5.298016
186.028554 5.038178
185.616680 5.938577
188.023810 8.321826
186.284818 5.314336
186.746769 7.143815
187.207360 5.735871
186.112220 5.171414
186.996666 9.548655
186.767872 7.805144
185.086936 6.271561
187.081444 7.872292
185.188173 5.581232
187.026546 5.488292
185.943584 6.583865
185.657265 5.729932
188.197464 8.920361
186.909468 7.838284
186.866761 5.645490
186.693344 6.166553
187.721000 9.385566
188.218194 8.195280
185.357610 5.591705
187.700033 7.956496
188.841231 8.273736
188.331532 6.808010
187.357692 7.660914
188.678570 8.296462
186.170936 4.513388
184.648949 5.560223
186.660454 5.999970
185.984066 5.618253
187.355376 6.809891
186.956835 6.742731
187.903009 8.799370
188.471386 7.241096
185.322685 4.710298
185.445179 5.069799
186.441417 7.421743
188.750934 8.658997
187.302039 5.579629
184.204521 6.340027
188.150520 7.021242
187.114623 7.119885
188.476165 6.467978
187.800326 8.406239
184.810406 5.029383
185.459099 5.741675
185.830968 6.352460
188.830897 8.226231
185.069216 4.878318
187.456880 7.615518
187.211759 6.282800
186.643320 6.020853
183.817030 5.029638
185.703383 7.017633
186.643250 8.416198
186.717575 8.103710
186.834945 5.043291
185.756816 5.982664
187.810912 7.329433
187.529518 8.190217
188.250911 8.016450
185.841817 6.179495
186.852365 6.538875
187.854804 5.778453
185.688835 5.539232
187.726567 8.105130
188.161481 7.926864
183.279325 5.885230
188.030930 7.100316
187.967607 8.732324
186.795180 7.487515
187.735301 5.784139
184.458188 7.267398
187.723943 8.575618
188.711905 7.261348
184.469678 4.857448
185.381759 5.247404
185.219470 5.495297
184.422591 6.965157
187.543883 7.374304
186.397952 7.208518
186.419631 6.105214
188.322645 9.577647
186.441774 6.464458
185.038147 6.458903
187.062590 6.147377
188.745187 7.325132
184.471999 4.025131
185.910160 4.566111
186.782601 8.893069
187.405264 9.244478
188.603185 6.627062
185.158736 5.947600
185.705828 6.078845
185.813119 4.281256
185.693056 4.317392
187.292911 9.880027
188.005355 8.526268
187.928164 9.727986
184.151712 5.117600
187.535195 5.764346
187.397455 5.842923
186.584294 6.073145
183.964758 6.265430
186.843599 5.795046
185.058204 4.717905
186.465195 7.542054
188.362184 7.612970
186.357254 5.516682
187.756826 8.947038
185.789247 5.608314
186.399111 6.620878
186.356662 6.960190
184.723927 6.393408
188.818798 8.742771
185.057945 4.714676
188.110346 7.283426
186.312005 7.158626
187.936103 8.792341
184.798990 5.593335
186.101493 5.514563
183.876005 5.632459
188.265847 7.227404
187.747987 5.884582
186.606522 5.028537
186.586513 4.492075
184.795604 6.025496
186.738548 5.830359
188.795861 8.991407
187.252044 8.153135
185.814028 5.025750
185.663989 7.793810
185.546735 5.033360
187.500023 7.445637
187.768183 7.550181
185.836228 5.833082
188.027150 8.396171
186.082675 5.140120
185.982728 6.300043
187.138063 8.066502
187.124770 5.649504
187.245555 7.930503
185.597294 6.029265
185.585487 5.895876
186.338761 9.294302
187.722010 6.633294
186.599197 8.953408
185.860883 5.953847
188.657825 9.141704
186.759361 6.102371
186.798721 8.953579
185.193489 6.928401
187.628534 9.668358
186.489202 6.532041
186.089536 5.234876
188.497281 6.369422
187.773100 8.815183
185.747372 5.676249
185.631848 4.579004
185.254166 5.426054
186.493392 9.168069
185.240268 4.944933
185.537585 6.246693
187.597522 9.714792
187.938613 8.865788
185.995812 6.200396
187.742230 6.536394
185.735584 5.959860
184.746803 6.286378
188.563341 7.480386
184.582917 6.972013
188.471748 6.969547
186.138150 8.058915
188.587583 9.637085
187.091752 7.877332
188.410279 9.531078
185.861012 4.652792
186.734209 6.241252
187.523016 7.245833
185.893331 4.197577
185.781903 4.950424
185.509661 5.966195
187.075231 5.428122
188.170393 7.660040
184.643303 4.781282
188.561284 9.140532
186.938441 7.651551
186.575055 9.147745
185.884725 8.112168
184.300764 6.133452
187.230325 6.687696
187.076187 5.495148
184.679333 5.082680
186.317662 5.258080
186.315116 4.200501
188.128300 7.342881
185.810936 4.846310
187.201992 5.825298
186.576270 5.437919
184.712211 6.324181
185.388088 5.528482
186.206229 5.380783
186.037959 6.484044
187.818935 8.589999
186.661009 7.814159
185.543208 6.922237
189.056380 7.700092
184.517090 4.726194
186.325067 6.144188
185.499769 5.775728
186.771538 6.386234
185.817714 8.170288
186.098879 4.110677
185.811170 4.582723
189.183072 7.851134
185.652177 6.046655
188.097902 8.528979
187.842675 7.080545
185.899624 7.085683
187.414255 5.875160
186.422993 6.313184
186.580517 6.814246
185.472015 5.831844
185.380686 4.421070
185.510601 4.732102
186.846447 5.905448
185.573511 5.110648
186.666679 6.878253
187.482262 8.802522
187.407312 7.427547
185.848472 6.299599
185.473818 5.598105
188.560426 7.224500
187.451742 6.253824
188.816857 7.936387
185.833219 5.465906
188.950187 7.207197
188.316470 7.572049
188.558664 7.431348
189.004049 8.557273
187.603660 7.759587
185.019117 6.605506
187.740245 5.626175
184.947271 4.186381
189.098304 8.805918
187.086551 7.871372
187.236381 5.377494
186.981114 6.766660
184.753800 4.396062
185.542695 4.938238
186.326384 5.914594
183.325656 5.988055
186.155593 8.760195
186.384507 5.632401
188.471216 6.972816
188.519067 9.030413
185.376497 5.105796
187.351508 5.034277
188.466959 7.292977
186.787098 5.987965
188.067912 8.854299
187.894749 5.961088
186.965910 6.079656
187.134671 9.071911
186.382219 8.394932
188.001141 6.476421
188.693959 8.691626
186.400445 6.346074
184.545649 6.052730
184.268282 5.977814
185.830211 5.235555
186.894628 6.823692
183.326898 5.377827
186.181245 5.157421
187.301332 8.675714
186.893098 7.863992
187.901703 9.176862
187.785331 7.338371
187.938592 6.852408
189.453356 8.026025
186.944481 5.046957
188.611564 9.263969
188.360515 7.690825
184.776888 6.915715
187.375348 8.178406
185.346244 6.149867
186.131049 6.306470
185.419032 4.292037
187.229086 8.123588
188.747902 9.185123
186.141551 9.403828
186.001226 4.891471
189.006073 7.740317
185.533696 7.193775
184.910372 7.454292
185.107532 6.428634
188.601455 7.435286
187.109466 7.382838
188.651050 8.517313
187.328380 5.480711
186.482202 6.728942
185.994489 4.888654
184.210195 5.232055
184.467816 5.405423
185.891300 6.987802
187.913517 6.596617
187.978163 8.601736
185.046227 4.367715
185.531104 4.766000
185.947749 6.753769
188.804429 8.636036
184.905223 6.010923
187.071503 6.370170
188.946390 7.224237
189.029506 9.167566
186.909840 5.660493
185.858040 8.030975
188.968489 8.414522
185.687726 6.160715
187.840930 9.241413
187.975257 6.359859
187.484935 9.697372
186.469197 4.468313
185.352496 5.193483
187.242863 7.860272
187.491758 7.273970
188.907218 8.347323
187.224548 8.706974
187.033180 7.516828
187.074119 6.251621
185.803685 6.503379
186.378206 6.645476
187.417306 5.793972
187.255044 6.816110
186.209981 5.664686
185.665639 6.887219
187.395400 6.823616
188.146948 8.133233
188.369515 8.787228
184.512881 6.701614
185.110723 5.154260
184.569615 4.713606
185.310568 6.752110
185.763378 5.667778
188.287253 7.148371
185.872926 7.373326
187.592876 8.502313
184.961808 5.059545
186.406487 8.057457
187.914846 7.044616
188.823128 9.606452
184.667622 6.578184
184.311330 6.937181
187.502505 9.338962
189.160899 8.095693
185.823740 4.734422
188.655419 7.804929
185.371016 5.588377
186.101981 5.012870
184.737096 5.120110
186.521935 4.472869
187.015501 5.637519
187.375235 8.434238
186.571519 8.690578
185.923574 4.411372
188.469407 9.514745
187.775636 7.676087
187.796908 6.010223
186.109959 5.203974
187.478014 7.832958
187.035161 5.711708
187.161784 5.667456
187.450850 6.326700
188.170759 6.910260
186.474373 7.320012
187.054923 8.177145
188.010960 9.190307
184.576287 4.710499
185.663586 5.144152
185.393004 6.390437
184.314437 4.417307
187.056657 5.393813
187.377275 8.087692
186.559121 7.370719
185.274943 7.087956
188.712900 7.927120
187.703548 6.130153
185.893881 5.769311
186.312948 6.144584
185.941032 5.762042
188.152882 7.154944
184.411122 6.931876
186.165867 5.003400
185.169211 7.303766
185.186705 5.578773
185.069572 5.516261
187.279494 6.651830
185.452115 6.922197
185.820688 4.294177
188.328213 8.989528
188.036246 7.236368
188.901071 8.563488
186.277775 5.494034
186.013892 5.383636
186.715277 6.413868
187.175950 9.046337
184.751358 4.689532
186.646386 7.964188
186.408238 4.283972
187.951604 7.005699
187.687296 8.125474
186.506248 6.423021
188.413013 8.141217
188.354565 9.727352
186.944380 5.105611
184.908955 5.401630
185.366632 5.929284
186.020418 7.269073
186.639308 8.668724
186.261591 4.599448
187.464123 6.352147
187.075756 9.421312
185.838529 4.602807
187.264312 5.200688
187.887102 8.270464
186.693107 5.765808
186.737300 8.318932
187.882106 9.262969
188.873060 7.434616
188.993932 7.715548
189.430491 8.578618
186.444562 8.839449
187.666988 9.286921
186.666964 5.477996
211.478897 -8.215779
187.153004 8.252493
186.545513 4.997560
307.614809 -17.392443
210.631762 -5.923021
