80.136330 -3.963440
52.801905 21.180600
67.614615 28.097380
57.806415 17.959890
63.662700 25.949880
77.692755 10.813120
70.375530 24.333860
63.864420 1.280390
72.893220 23.722150
28.569613 6.390381
20.398624 8.241208
347.362096 0.597839
14.853508 3.780111
51.389595 19.273560
65.864235 5.947100
192.61787 -3.42933
114.002115 63.690770
127.936867 52.792039
2.930825 5.019061
45.009180 6.411050
101.656605 30.727700
30.942543 -8.379948
4.858721 0.927286
73.240215 22.251750
173.722475 1.438356
135.272947 15.592060
151.985460 8.868970
232.724328 18.039393
335.84023 -4.84806
220.553205 0.595760
214.446346 -0.510028
215.813421 4.845178
209.911608 5.349647
205.400371 4.574589
186.549192 5.322972
185.947159 5.512775
188.745906 7.764080
186.263808 5.981130
185.033722 6.111859
183.833231 5.484816
187.272027 6.442566
184.953080 4.515259
186.805359 7.894927
188.709429 8.281270
183.620150 5.330858
188.517415 6.543559
185.114960 5.943171
187.118815 6.050112
184.382556 7.196574
185.423348 6.138146
188.727621 7.622787
186.335619 6.896576
184.491309 6.294090
188.143951 7.017861
187.361115 8.472921
185.888466 6.085658
186.883062 4.544207
187.363103 7.085530
188.704953 7.248631
187.874694 6.719827
185.038734 6.857754
187.681505 8.808161
188.150543 7.991433
187.885806 6.721769
187.853411 6.274245
184.488433 5.052920
186.218795 5.017885
187.412882 6.236930
188.826109 9.075488
187.436756 8.318306
185.053509 6.207408
189.120801 8.293567
188.174576 7.710703
188.391349 8.517423
184.533848 5.718819
188.884049 9.083121
186.976278 8.361458
186.111563 5.392658
185.655835 6.409960
183.463203 5.110826
189.134183 7.980565
188.240422 7.099240
186.214988 8.502403
188.217630 7.668507
188.896787 6.820104
185.744412 4.916945
186.158229 4.012886
186.009177 7.938629
189.142668 8.293724
186.146399 5.345529
187.232925 7.848039
186.803530 5.168284
184.859537 4.107543
188.806255 8.959560
188.370646 6.914092
185.270034 5.284706
188.262842 8.108382
185.396583 5.526976
188.538988 8.044629
186.052984 5.142959
185.486482 7.337058
186.060786 6.893307
186.099047 4.735640
188.060945 7.023994
184.536367 5.838509
185.457276 6.255200
184.936769 5.130194
185.704133 4.051859
185.258312 5.247592
186.289110 6.450133
185.984164 6.439887
188.827072 9.043145
187.786117 9.390538
187.640917 6.600841
188.281471 8.192779
186.428048 9.486550
187.669077 7.806760
187.860982 6.434387
184.834171 6.044387
184.862354 5.747047
187.438853 7.265018
189.155811 8.208669
183.949376 5.629462
186.694492 7.672526
186.570090 8.092246
187.605830 8.476626
186.303051 4.598913
188.814922 7.762103
184.470337 6.165985
187.527070 5.498166
187.051240 5.075704
186.156768 7.205363
186.233922 7.269163
187.957123 7.159148
187.093442 9.262023
183.726972 5.930808
187.571921 5.455256
186.175236 6.828594
186.491517 5.428335
187.153995 5.676894
186.769186 6.028661
188.656884 7.462206
185.130913 4.007034
186.518821 6.406091
186.408868 6.183067
187.922435 6.756622
186.817190 8.719769
183.803118 5.935297
185.350520 4.350294
186.352375 6.023450
187.699522 7.864650
187.869766 7.687987
188.837690 8.552374
187.230738 9.286367
186.774763 7.778098
187.539131 8.791638
185.322524 5.773994
187.651906 7.416281
185.849619 7.892472
187.033595 8.040518
183.505251 6.003031
185.516312 5.516949
184.091366 4.858851
188.641793 8.914512
187.441702 7.093758
189.108956 7.699231
188.662814 7.532505
187.650615 7.604134
187.856347 7.066669
186.399364 5.329513
184.868039 5.309557
185.033867 5.703022
186.845939 6.294623
187.626675 7.956837
186.814076 6.653931
188.178545 8.902337
188.007537 8.145463
184.652847 4.972395
187.034420 5.187598
188.456059 7.971464
187.007472 8.036199
185.692865 4.196101
186.837733 5.705289
186.471552 6.621602
187.476474 9.787457
186.591264 8.116982
186.630337 8.159510
185.647025 5.214426
186.764693 8.582890
185.358767 8.219038
185.321738 6.032123
187.680598 7.271360
185.962570 5.783315
186.178519 4.619166
188.367189 8.703969
189.123102 8.069947
185.497473 4.440639
183.843273 4.396316
187.131171 6.319599
187.401374 5.575984
186.496290 5.746128
185.633762 7.843698
185.935614 6.451877
188.342587 8.045823
184.442266 7.222278
187.700424 8.025210
187.347431 5.274210
185.018829 7.036773
187.044137 8.538875
186.001997 4.510958
189.259202 7.146219
186.904063 6.133052
187.131458 6.336238
183.302387 5.918867
184.303762 4.443540
187.595741 6.849994
186.780402 6.797967
184.552404 6.414344
185.761741 4.757451
187.429498 7.523366
188.936824 7.862759
186.682792 8.712351
186.006164 8.215778
187.373434 6.391672
188.055103 7.852647
185.869677 6.986854
186.898907 6.242938
185.660412 4.787640
187.295363 8.152688
187.301708 4.999710
183.707379 4.546343
184.732501 4.508567
188.813749 7.760033
187.892435 6.786460
188.695690 8.431160
187.198211 5.006449
188.147987 6.913396
186.178337 7.421148
187.176339 9.055348
186.016799 5.850523
187.559299 6.980087
187.837711 7.879114
184.697936 4.813660
186.210645 6.423038
188.539287 9.191279
184.499023 7.373140
184.617255 6.037518
188.592695 8.608422
187.077957 5.263787
186.866874 7.865366
184.325252 4.739911
187.960425 6.283946
187.808523 7.465309
183.608898 6.191430
188.008354 9.490725
188.953967 8.317723
187.208183 6.838888
188.742916 7.472761
185.811110 4.376943
187.671713 7.176922
184.359882 5.930413
186.672115 4.766140
184.396034 5.812964
187.683119 6.133552
188.430830 7.375470
186.972379 6.220951
187.849665 7.406703
186.839768 6.510966
186.506457 6.461049
185.345956 6.482092
186.245932 6.179374
187.214177 7.546360
185.375147 5.499752
185.242864 6.807481
184.797332 5.227992
185.342954 7.887768
187.525180 7.929623
185.367689 5.055419
186.097075 6.399845
186.685406 4.737729
186.019815 7.463359
186.557173 7.302463
186.683747 4.678939
186.361414 6.028021
185.297432 6.328846
186.443079 4.208643
186.897592 4.691642
187.007453 8.297789
186.794075 5.035999
184.686136 5.434840
187.035405 6.493318
188.684363 8.657587
186.500995 5.570643
184.592197 5.902982
185.379270 4.515319
187.834285 8.052172
186.601315 8.434154
184.740831 7.120630
187.213088 7.816163
188.910977 8.385323
188.756740 8.762666
186.639695 5.870651
185.037513 5.658669
186.338435 4.730858
188.556696 7.182470
187.933343 9.298233
187.490176 9.427556
185.950434 5.082626
189.366572 8.676320
185.209836 5.232050
185.792428 5.991804
186.948570 4.755692
187.013908 9.421928
187.287261 7.829412
185.957950 5.934066
188.983887 8.632774
187.295641 8.881702
188.522721 8.943302
185.329807 4.748960
184.989292 5.757753
186.196376 5.999204
186.464601 7.540044
186.042636 5.465494
184.793622 5.478807
187.473518 7.990179
183.686981 4.817611
186.040168 6.552392
189.136603 8.319917
183.609303 4.705942
187.269505 8.606428
188.181579 7.514099
187.389166 5.873602
186.501895 7.232758
188.142600 6.436380
186.579093 5.702981
185.821224 4.870744
187.618359 8.474326
188.282296 7.018849
186.758653 8.302129
185.321559 5.397172
187.056931 5.908396
188.253387 7.241354
185.226456 5.660734
212.942813 -0.540625
60.621465 16.439860
185.970020 5.990401
68.206470 25.625380
75.477930 21.942720
72.531747 21.258869
343.417560 28.310970
74.241765 23.323400
82.45234 18.78879
63.518340 19.935160
102.987855 38.195930
49.094190 23.163630
154.422458 2.893856
76.290915 26.365270
62.303775 28.173550
77.880915 11.873220
80.376871 21.716729
73.571820 22.131520
42.157275 28.702730
20.967540 35.165130
83.890840 -15.821926
119.381985 21.316040
131.427502 39.218931
134.517975 25.700774
45.384446 41.757280
235.187835 35.236680
193.40450 -29.63175
262.510657 28.612057
193.59067 -28.55389
193.82333 -29.07306
194.01687 -17.54725
195.24325 -16.91908
194.68500 -29.19047
193.26854 -28.76831
213.41592 -34.60828
245.213085 -7.564450
232.424715 -11.550390
193.95096 -18.18556
218.524550 2.205883
193.04208 -29.52033
193.07937 -28.64539
193.65212 -29.13722
185.909480 4.370051
185.114670 6.167500
188.001327 8.126988
187.192900 7.156871
188.460082 7.343346
188.092705 9.412512
188.117735 8.672752
187.013946 5.547458
187.749712 7.788875
185.676104 4.773397
185.830614 6.136706
187.816282 6.494275
186.525792 5.806078
186.876598 6.849221
186.774341 5.653333
186.646174 5.959063
185.972142 8.039053
185.101128 4.650904
187.285178 6.425641
187.418960 5.955278
188.087788 6.839693
186.435852 5.083591
188.297627 8.750909
184.337182 6.463978
187.611418 6.575241
186.582371 6.283216
184.728023 4.747916
185.831749 7.738684
186.128386 6.429111
186.545927 7.790144
185.004910 5.220536
186.273918 6.045934
184.501275 6.737953
186.943504 6.481531
186.671791 4.670762
185.633513 5.491737
186.989468 6.121027
187.816667 6.320427
185.370437 6.846720
187.016148 5.127278
187.211505 6.389203
187.584219 9.077616
185.005100 6.539024
188.331701 7.546346
187.794850 7.660570
185.183334 7.318571
186.122130 7.357457
185.140716 5.156547
188.708709 8.769990
186.880988 5.254668
186.116631 7.073011
184.952070 5.124689
188.346151 8.257269
184.216401 5.926001
186.133218 6.872591
187.855562 8.360537
188.716837 7.016347
188.963865 8.791625
186.278384 7.347196
186.470198 5.885642
184.390653 5.172593
186.922880 8.963127
185.491047 6.718669
185.901985 5.410260
185.302282 6.298696
187.943315 8.007447
185.204352 5.048760
185.634455 4.191082
184.015651 4.786170
184.896765 6.400302
186.515042 4.942900
185.270238 4.737268
186.821738 5.634378
187.957387 7.730306
186.809429 8.431476
188.866676 8.786729
187.669332 9.003344
187.388617 9.069572
187.255816 5.826923
185.200414 7.416916
188.664953 7.753044
186.378747 5.145142
186.012126 4.671794
186.054068 6.495725
186.107022 7.296219
188.778970 6.886783
188.747406 7.219956
188.879044 7.884337
186.091619 5.645496
187.719143 9.131785
186.761091 7.172986
185.333885 4.817637
185.510519 5.829332
189.099613 7.280055
185.770932 6.455207
187.947217 6.968138
188.919214 8.144159
186.057035 6.693062
187.643768 6.166111
185.928365 6.614719
187.771585 7.130888
186.013967 4.762719
185.760620 6.639044
186.473877 6.408310
186.879040 7.121102
186.698338 7.572526
185.475520 3.891403
187.010794 4.762846
187.004585 7.143390
185.613679 6.333854
187.569203 6.220266
186.508730 5.123575
186.997422 5.903487
186.353451 4.596542
185.883722 5.196563
185.234547 6.400461
187.332304 5.215675
186.725008 7.570720
185.877917 8.719095
184.869123 5.538280
187.022271 5.922871
186.025017 6.585192
184.522100 5.742578
187.248538 7.629267
186.674027 5.995032
186.749629 5.189379
186.895810 5.671536
186.596946 5.005791
186.142171 7.442835
187.310372 7.373761
186.653759 5.129771
185.227909 3.918599
185.845104 7.121475
185.790284 6.972883
188.898359 8.719601
186.340984 5.538487
188.083051 7.937701
186.666296 4.937019
185.763875 6.527431
186.474935 5.284968
188.312242 9.259254
185.537516 5.535097
189.086065 7.677412
186.326016 4.478615
185.123778 5.123454
187.251420 7.603060
187.756502 7.365583
186.134900 4.781046
185.958267 4.638301
186.801125 5.326952
186.074719 6.622241
184.858171 5.587297
186.697959 5.638593
187.481089 8.072133
186.975892 6.787280
183.816569 6.219774
184.632590 4.820045
185.773059 4.800903
188.189216 8.864415
186.534182 6.963698
186.922246 7.303242
187.195306 6.008854
184.899911 5.572872
187.242397 7.482796
186.381875 5.727467
189.024467 8.749714
186.849176 4.890823
188.919348 7.661270
184.855992 5.711757
185.363845 4.253469
188.905574 8.555906
186.357883 7.123513
186.887578 8.134787
188.336892 9.226123
184.887104 5.635298
186.475286 7.413930
185.256796 4.789337
186.638400 4.336170
184.962236 4.223357
185.430181 5.457707
185.621999 5.252725
188.377565 9.054002
186.400287 6.116829
187.139831 6.154549
188.333454 8.511800
187.415828 9.897957
186.285169 5.230946
188.987757 6.965390
184.808459 6.307235
187.755923 8.593239
185.438600 5.301030
187.665959 6.850576
186.044702 4.562690
186.511081 8.906939
188.551279 8.274760
186.284693 8.121934
187.349993 7.066375
186.530292 7.621844
187.547926 6.480560
188.120310 7.403165
187.094090 9.559859
185.947689 7.300445
187.367775 9.085076
185.655893 4.402652
186.615461 5.667762
186.561074 8.026970
185.541509 5.782334
186.203715 5.103281
185.715234 5.782961
186.846719 6.199904
188.818831 7.457183
188.604401 7.663695
188.711104 9.365136
186.142317 7.524448
185.901337 5.338888
186.297296 5.375681
188.318824 8.835549
187.977839 9.367857
189.369193 8.147169
186.566944 9.613781
184.829877 4.568517
188.007078 6.828494
186.391181 5.968132
186.182308 5.631008
186.446482 6.498136
184.882211 5.104698
186.800525 6.153500
188.990456 7.200335
186.844649 6.971742
184.157172 4.406271
185.138855 6.897003
186.534444 4.777935
188.012312 6.191043
189.240436 8.518980
188.198712 8.146724
187.757036 6.313184
186.856605 5.176584
188.058179 7.263992
184.814953 4.870766
186.344650 6.181748
187.377171 6.185667
184.573100 5.293463
187.490613 6.232086
184.405134 4.408834
187.523512 8.794991
187.443859 7.226426
187.378751 9.270035
187.237792 5.854571
187.519005 7.093707
188.888691 8.994972
187.768374 6.532707
185.829296 7.158630
186.183793 7.644461
188.326434 8.719618
186.330812 6.476841
185.447836 4.685710
188.057115 8.862421
185.527947 5.662856
184.566012 5.098931
186.024461 4.350924
185.551216 6.137387
189.064339 7.338984
186.774760 5.352315
188.293297 8.244014
186.336252 5.654352
189.074938 8.043914
186.694595 5.531035
187.467620 7.894648
186.289802 7.168862
186.343302 8.207378
188.198227 6.797511
189.005650 8.942819
187.034878 6.139078
188.088684 7.633208
185.832437 6.628413
187.168597 5.291220
185.301108 5.840560
186.367462 7.439312
186.395868 5.776485
186.223806 4.660805
187.693972 6.082427
186.418895 8.136648
188.052654 9.297778
186.131603 5.189738
186.138778 7.149153
186.041313 6.445329
186.380836 4.935182
185.510963 4.443575
186.365224 6.143862
187.522548 6.240068
186.047352 6.872800
185.464027 7.724326
185.898148 6.563447
188.363166 9.587522
185.988624 4.179448
188.014910 7.691770
184.712057 6.278183
185.048627 6.997220
188.234326 9.231039
187.412175 6.559724
187.070878 7.619750
187.658094 9.603570
184.383576 4.146099
186.958527 5.494249
186.569170 6.304249
186.479955 9.018452
184.362435 5.194594
187.518283 8.174518
185.070672 6.721813
186.355881 6.127733
185.731510 4.083600
185.514635 4.934221
188.939927 8.216292
187.115337 7.378990
188.080955 8.735835
183.538075 5.107374
188.867784 7.099069
186.127589 6.142486
186.985029 6.740242
188.631617 8.005601
187.845552 7.093740
186.069121 5.914294
184.662629 6.047011
188.098694 7.134894
185.952102 5.984221
185.464172 6.865431
186.187826 5.942198
187.700130 6.448701
186.793285 5.084509
187.362953 8.565498
185.276564 5.484546
185.633356 6.497801
187.709113 6.577427
186.648167 4.770262
185.526978 4.148559
186.566095 6.125890
187.010349 5.946179
184.629657 5.914864
186.580291 5.197478
185.257611 7.236912
188.137650 9.840482
184.912913 4.043031
185.121315 4.872713
186.646190 6.450890
188.018562 8.721853
187.858989 7.382912
186.397484 4.805947
186.573796 6.878267
212.098951 -6.032008
185.933476 5.427131
185.573226 4.642531
186.433688 7.887494
187.478281 8.971173
187.950262 6.142272
186.101493 5.514563
183.876005 5.632459
188.265847 7.227404
187.747987 5.884582
186.606522 5.028537
186.586513 4.492075
184.795604 6.025496
186.738548 5.830359
188.795861 8.991407
187.252044 8.153135
185.613275 5.976570
186.561185 7.067076
185.363082 5.944550
186.877771 7.218706
187.192254 7.638399
186.680563 6.836253
186.890114 5.528621
187.923330 6.938853
187.803769 7.127529
185.681479 6.748011
74.463450 25.034150
194.17942 -17.63539
28.433583 4.721206
16.931990 41.215629
350.98254 16.93158
348.357121 1.464144
16.842671 5.307164
72.925530 23.529180
2.463696 2.520650
343.901406 -4.940666
15.109825 6.346414
72.377850 21.970610
65.100915 19.899000
67.297980 25.675970
7.592310 -0.690830
37.963395 25.098450
35.960385 27.963700
78.999690 23.887240
63.202110 2.626310
65.721900 22.414550
187.848258 9.763474
222.940351 -14.528462
186.139725 7.832403
187.257950 6.116656
186.350551 6.110711
188.273296 8.643061
186.516422 7.508964
186.859046 8.949655
186.841195 7.202873
185.889342 4.778616
186.512630 4.789809
188.630439 9.073549
186.136371 4.194635
187.345571 8.386327
187.987715 6.263652
184.836816 5.846338
184.860917 4.071280
187.838015 7.933327
186.213748 7.844099
187.239308 7.355066
183.998067 4.455136
185.091268 4.628757
185.547716 7.773128
186.459235 7.943200
187.862190 6.060020
187.502152 6.284427
184.685816 4.420267
186.259418 7.814751
188.683581 7.974906
186.091656 4.091768
186.343062 4.218884
187.462437 6.577638
185.899575 4.095775
187.651576 7.319574
188.607783 8.318805
187.548033 6.487454
185.696530 5.520305
186.785014 7.656125
188.050213 9.610818
187.205956 7.811256
188.586087 7.662105
186.015106 7.931626
184.980581 6.447260
187.035273 5.258528
188.277040 9.369762
186.091733 5.856491
186.363049 6.653602
187.383920 7.922028
186.495453 8.155411
185.670637 4.060249
188.085940 8.563439
184.983099 6.755711
186.658176 6.891300
186.100673 5.554182
188.499038 8.251414
188.630933 7.078319
188.156796 8.205298
184.300796 5.750789
186.748822 8.645015
188.105337 8.717869
186.020792 4.573292
186.347641 7.460038
187.819666 9.124505
186.366053 5.474143
186.064630 7.441965
187.479849 6.173368
186.961514 7.614207
188.051535 9.033253
187.953108 7.204872
187.156199 5.357985
187.962456 7.235857
186.344740 5.564044
186.591481 5.308856
186.148287 8.150035
187.543534 8.222848
186.715771 6.784325
187.007127 8.618661
186.181665 7.655577
185.480350 5.583789
188.544002 9.156574
186.727793 6.637592
187.818745 6.687172
185.512085 5.008298
187.891132 6.036627
187.960143 6.894828
185.996914 7.592117
187.262354 5.434881
185.221860 4.630807
187.920624 6.319634
186.076192 5.284931
186.702447 6.633725
184.018129 5.204460
188.888017 7.084209
186.762635 4.904816
187.264836 9.341732
187.334165 6.756360
186.515832 5.119515
188.302642 7.480967
186.020195 6.594593
186.529256 8.216282
185.726093 8.041062
185.372900 6.183347
189.088072 8.534503
187.692611 9.515304
185.635702 5.604768
187.953376 9.635512
184.903871 6.745139
186.190942 4.628702
188.835591 7.925369
186.750339 5.527510
187.798446 7.021924
186.978444 6.735379
188.530761 8.132357
185.796340 6.029018
185.580158 5.566860
185.803535 5.287966
187.299165 7.224872
186.548743 6.254219
186.728291 7.065880
185.498472 6.710670
189.041788 8.940640
186.167534 5.705361
187.182218 8.325891
187.973127 7.735718
186.397177 8.413540
186.353560 8.430430
186.584020 6.547305
184.541200 4.208840
185.085932 5.119462
186.811106 6.532621
186.495281 8.798671
185.592707 6.195345
187.507607 9.850978
185.683569 5.469374
186.177007 6.334120
185.385256 7.047486
186.446975 8.682776
184.677789 5.005298
185.158798 5.056686
189.022228 7.642330
186.821125 6.565805
186.330783 4.235467
185.920531 4.534097
187.864380 9.981074
185.043260 4.767111
185.599812 6.360647
187.241045 8.724356
188.647482 8.469749
186.272909 5.608333
185.630133 7.663530
188.685089 6.836905
187.172048 7.045335
188.200099 6.583538
185.532876 4.956543
185.789964 4.595082
188.773543 7.798027
185.621289 5.955477
187.065807 6.723303
186.768961 8.244193
186.188864 6.829156
186.464874 5.716374
186.027349 5.310316
187.074318 6.039030
187.331372 6.623348
185.392344 4.686428
185.919255 5.034669
186.041253 7.380174
186.432785 5.889390
185.334897 4.439955
188.110297 8.032728
186.807437 6.169757
185.778884 6.783964
186.840115 8.241449
187.403134 9.975339
188.186989 6.999427
184.673982 5.788689
187.858802 9.087672
184.750672 6.267894
184.795854 5.625575
188.773386 7.639057
184.795988 4.367815
186.750456 6.975536
186.752950 7.891395
186.191962 8.682704
186.117972 9.240116
185.160692 4.142261
187.112202 6.018773
185.091282 5.360694
187.081083 8.685310
186.842376 6.881089
184.613787 4.919883
186.039003 5.652412
185.484837 4.763288
186.433738 8.611200
186.779930 8.104986
186.126960 6.904952
185.705270 6.264945
187.082274 7.679728
186.784049 8.527195
185.465603 5.855388
188.747138 9.273138
187.145241 5.578890
187.750519 6.031221
188.321443 7.801625
188.277357 7.844628
188.371194 7.849962
185.732274 7.367974
187.218330 6.706479
186.919085 5.402265
187.848827 7.164647
186.199668 5.989116
188.733523 9.624645
185.627599 7.188910
186.508246 5.802301
186.458567 6.761880
187.734644 8.773342
186.033945 7.225742
188.678443 9.200988
186.489438 5.074785
187.115788 6.168900
186.185160 6.025758
186.607684 7.234430
184.439496 4.406089
187.472947 5.444831
187.081790 6.899500
187.347560 5.763093
187.475100 8.312301
186.700014 5.991362
188.413085 7.819720
185.381168 5.033396
185.327101 6.634964
187.983756 8.933745
186.857217 7.575835
188.108516 6.275953
186.842484 5.747376
186.052633 5.199211
187.529154 7.904825
185.843407 8.269801
187.365529 5.723296
188.480700 9.595213
186.685741 7.389025
186.426380 8.353003
188.743758 8.486568
187.904023 9.543289
186.707215 6.274596
186.980351 6.210613
187.762856 5.848164
186.900644 6.394256
186.103789 5.137532
187.562883 8.080611
186.977110 6.095159
184.862200 5.967348
184.396998 4.243570
185.605852 4.339995
186.647834 6.618937
188.152017 7.387783
185.247230 5.709809
185.010078 3.905682
186.574511 6.238920
183.275123 5.194498
187.452998 5.838469
184.840315 5.938002
184.817236 4.362500
186.494808 4.858454
186.056158 5.460798
186.538946 6.677483
187.148539 7.664856
185.638814 5.322185
187.126519 6.462004
186.845701 7.020599
185.179085 6.809182
187.289184 6.405615
187.941838 5.984577
185.325519 6.340245
185.653478 4.105143
188.431371 9.267541
185.512578 6.241095
187.265284 9.474220
187.797508 7.781439
188.167001 7.032201
186.575752 9.487852
186.621922 5.958391
185.783029 8.055663
186.710044 4.298783
187.583215 9.068623
188.422794 9.425401
184.439284 5.419099
187.084862 7.184712
186.181990 5.198893
185.751378 6.961913
188.682268 7.402588
186.091671 6.446810
187.563758 6.780556
186.426516 5.005193
185.349219 6.145201
188.798401 8.468203
185.415598 7.190332
184.700038 4.969645
186.656853 6.540372
185.659870 6.564376
187.967224 6.848986
186.083095 4.205703
186.253141 4.801220
187.181444 6.103775
188.873654 7.844950
187.462701 6.838603
186.479642 5.865182
186.695378 7.370108
186.494346 6.794420
187.583217 7.084602
186.287598 4.734787
185.910060 7.986958
183.628066 6.252558
186.474050 5.370295
187.360830 6.875695
186.802738 9.157489
184.768736 4.985151
183.916184 5.605712
185.819183 4.204544
187.474472 6.760368
187.721564 7.367517
184.738162 6.802110
184.550917 4.832527
188.076834 6.633647
186.611320 6.681285
185.860596 5.239138
187.863532 6.966566
184.888009 5.035052
185.436775 4.502631
186.561660 6.441707
187.267758 5.662894
187.108578 5.764628
187.959581 6.402997
188.115056 6.565657
186.767107 5.552063
185.097613 4.432112
188.890132 9.176214
185.053155 5.585442
187.652144 7.391999
188.287776 9.549026
185.097906 4.674964
186.796941 5.344371
185.425525 5.123354
188.219633 8.719921
184.780824 6.493989
187.213242 9.678642
187.272333 7.671805
186.568866 6.046013
185.666280 6.493444
186.721887 5.062958
185.824576 7.761866
186.876601 8.415123
186.877131 5.281530
188.545198 7.771665
186.548713 7.112900
186.501864 5.121881
187.147933 6.297709
186.763937 8.132784
185.275379 5.364369
184.313628 4.158537
185.746513 6.615928
188.384770 8.049865
184.669765 6.884573
186.940833 6.767445
186.072669 5.615133
188.061387 9.747206
186.336321 6.859575
187.683137 7.815171
185.878260 6.258120
185.723111 6.293429
184.557570 4.398145
187.159313 7.219107
185.710885 6.460378
187.414525 9.100952
186.053531 5.135331
186.607948 7.185206
185.570579 6.413293
186.764588 8.575700
186.223121 8.191419
186.373376 5.036157
186.759601 5.949102
185.720992 6.354961
187.780352 10.015925
186.214139 4.475759
188.002851 8.775042
188.268988 7.560411
186.790461 6.345599
188.716797 8.041416
186.591756 7.304716
186.897447 5.622715
185.936357 5.769191
187.811620 9.172951
185.829415 6.001128
188.249068 7.533676
188.935607 8.937636
184.723220 4.513334
187.075699 6.597987
187.376569 6.912298
188.380085 6.678226
187.821765 8.166740
185.845268 6.371734
185.080119 5.082239
185.644564 6.662921
185.071922 6.502763
185.873095 6.248564
186.612465 5.175258
186.013651 6.458929
186.387484 7.677381
188.386085 9.891377
188.923450 8.515846
187.677487 5.773291
187.375326 6.160870
186.136477 4.340466
185.626134 7.528201
185.209496 4.537702
185.198197 6.044179
189.224233 8.459713
185.326598 5.892800
187.160123 8.546245
185.821837 4.898849
186.488509 7.105521
187.710695 5.518494
186.383902 8.178174
184.989190 4.938407
186.734060 7.450540
188.260749 6.998093
186.247642 8.067868
183.525603 6.014052
183.564447 4.922606
188.713655 7.490617
188.690926 7.539441
187.848237 8.837842
186.934064 8.052751
186.986079 5.684853
184.580659 4.440507
187.223200 9.221880
187.208605 5.628652
189.012479 7.643664
186.664645 6.005230
187.704938 8.020482
187.256039 6.325607
185.883549 6.988540
188.410435 9.486887
187.771157 8.962417
186.160669 5.957349
184.204182 6.422260
185.626875 7.507393
187.026422 6.576630
188.346569 8.294922
185.111242 5.603998
188.420910 7.680892
186.610675 5.384912
185.451448 4.809968
186.871187 6.213970
187.143469 6.297711
184.981664 5.351441
186.646276 4.869207
186.988004 6.977381
188.571906 7.264406
188.677666 8.677161
186.179049 7.018035
186.012076 6.928094
187.019403 8.749005
185.957425 8.936882
189.019654 8.591328
188.229170 7.025037
187.788432 7.516249
188.020143 6.290889
187.539078 6.441582
188.060825 7.501704
185.895585 4.683039
186.230952 4.663649
185.919546 4.498119
188.366370 7.619648
185.905328 5.540688
185.733973 4.250241
186.301337 8.526779
188.882650 9.097559
184.640973 4.574029
185.775652 5.473813
187.789023 7.908195
188.007748 7.199056
186.816502 5.483694
186.309149 4.622097
186.182771 5.463972
184.826977 4.457773
185.506216 5.292503
186.152544 5.951529
184.814312 6.166322
187.769380 5.886895
185.888415 5.566926
188.494413 8.577264
186.088463 4.907636
188.958318 8.817313
187.396535 8.953299
184.441475 4.869999
189.166593 8.388921
186.788448 6.279694
186.343209 9.666219
186.593451 6.010457
185.460758 5.144967
188.213382 7.037979
186.541947 6.911245
185.440375 5.447055
186.763223 5.989133
184.766938 5.754215
188.922478 8.030487
188.348810 7.847371
188.536942 8.422468
186.446326 5.856162
188.276282 9.518487
187.744035 7.895783
183.632726 6.707178
185.862658 4.909954
185.404595 6.911894
186.615631 6.517327
186.191185 6.088512
187.075222 5.453304
188.657609 8.106898
187.725022 6.627080
188.523809 8.652979
186.904105 6.007897
186.805652 4.349008
187.436552 6.842109
185.515027 6.009108
186.957840 8.616467
186.746720 4.989644
188.571789 7.770769
185.806032 5.915263
187.125871 6.976959
186.837351 6.877431
188.116482 6.310193
187.263785 6.935261
185.680550 5.547798
186.523680 6.205826
188.716216 8.876966
185.183213 6.685758
187.424883 6.032118
187.467007 6.650739
184.831120 6.414618
186.338313 5.573690
187.998346 7.155006
184.891166 6.411936
186.955311 8.608089
184.572637 4.023813
187.677170 6.098735
185.586109 5.788365
187.102872 6.687673
185.779445 5.329944
186.461718 6.483109
186.766279 5.254846
185.985969 6.809079
186.947585 8.021949
187.053634 9.434111
186.235393 5.625120
186.739216 5.436376
186.815913 6.653683
186.103715 5.239035
187.224552 5.978744
185.788383 5.434248
184.595939 4.249309
185.305819 8.235516
185.343600 5.748035
186.159127 8.053828
184.502860 5.476995
188.093711 9.044527
185.935266 5.096182
188.396250 6.776461
186.483059 5.304683
185.820286 4.346547
188.385974 6.994004
186.610586 5.561643
188.045232 6.983532
187.922544 6.370929
187.228574 8.284762
188.005659 7.690157
186.560645 7.032273
185.564061 5.273656
186.728606 7.420214
185.606215 6.405831
188.766222 7.279667
185.038261 6.263642
186.030990 6.379552
187.744383 6.096238
183.679117 6.864813
186.225091 7.324886
185.057731 6.600698
185.913243 7.496577
186.576051 7.436435
186.766139 7.092047
186.507658 4.508415
184.026743 4.795175
184.274452 7.321263
187.338356 8.949321
187.279420 8.301958
186.083635 4.208115
188.289366 6.939273
186.093734 6.054736
188.820567 8.018044
186.966002 7.369039
186.775358 6.691310
187.408680 6.745438
188.094762 9.484930
184.893540 5.132081
185.152259 5.263936
188.958325 8.685835
188.648023 8.623191
187.892601 6.107138
189.133362 8.139290
186.285641 4.657082
186.119427 4.847350
186.227583 4.172448
188.378829 9.329338
188.083291 8.334940
186.289118 4.942025
186.072483 7.539929
187.387346 9.669680
188.337142 8.008570
188.980202 7.137809
188.396615 9.394182
186.197460 6.899653
187.867890 7.633318
187.525680 7.841886
186.152606 4.811533
186.665680 6.120894
187.210434 7.787660
186.889766 8.343282
184.735978 6.561765
184.472278 4.309247
187.426669 7.520876
186.275466 8.007417
187.292338 6.661283
188.975199 7.266825
186.776712 8.239812
185.592925 7.172432
187.048120 7.707016
185.186378 4.290299
186.232338 7.395333
186.719812 4.955224
188.413562 6.811008
187.246341 5.414015
186.042458 6.932100
185.761321 4.364391
187.729810 7.803092
184.248745 5.338054
186.659751 4.652362
185.510988 6.049120
183.973385 4.384607
185.814028 5.025750
185.663989 7.793810
185.546735 5.033360
187.500023 7.445637
187.768183 7.550181
185.836228 5.833082
188.027150 8.396171
186.082675 5.140120
185.982728 6.300043
187.138063 8.066502
187.124770 5.649504
187.245555 7.930503
185.597294 6.029265
185.585487 5.895876
186.338761 9.294302
187.722010 6.633294
186.599197 8.953408
185.860883 5.953847
188.657825 9.141704
186.759361 6.102371
186.798721 8.953579
185.193489 6.928401
187.628534 9.668358
186.489202 6.532041
186.089536 5.234876
188.497281 6.369422
187.773100 8.815183
185.747372 5.676249
185.631848 4.579004
185.254166 5.426054
186.493392 9.168069
185.240268 4.944933
185.537585 6.246693
187.597522 9.714792
187.938613 8.865788
185.995812 6.200396
187.742230 6.536394
185.735584 5.959860
184.746803 6.286378
188.563341 7.480386
184.582917 6.972013
188.471748 6.969547
186.138150 8.058915
188.587583 9.637085
187.091752 7.877332
188.410279 9.531078
185.861012 4.652792
186.734209 6.241252
187.523016 7.245833
185.893331 4.197577
185.781903 4.950424
185.509661 5.966195
187.075231 5.428122
188.170393 7.660040
184.643303 4.781282
188.561284 9.140532
186.938441 7.651551
186.575055 9.147745
185.884725 8.112168
184.300764 6.133452
187.230325 6.687696
187.076187 5.495148
184.679333 5.082680
186.317662 5.258080
186.315116 4.200501
188.128300 7.342881
185.810936 4.846310
187.201992 5.825298
186.576270 5.437919
184.712211 6.324181
185.388088 5.528482
186.206229 5.380783
186.037959 6.484044
187.818935 8.589999
186.661009 7.814159
185.543208 6.922237
189.056380 7.700092
184.517090 4.726194
186.325067 6.144188
185.499769 5.775728
186.771538 6.386234
185.817714 8.170288
186.098879 4.110677
185.811170 4.582723
189.183072 7.851134
185.652177 6.046655
188.097902 8.528979
187.842675 7.080545
185.899624 7.085683
187.414255 5.875160
186.422993 6.313184
186.580517 6.814246
185.472015 5.831844
185.380686 4.421070
185.510601 4.732102
186.846447 5.905448
185.573511 5.110648
186.666679 6.878253
187.482262 8.802522
187.407312 7.427547
185.848472 6.299599
185.473818 5.598105
188.560426 7.224500
187.451742 6.253824
188.816857 7.936387
185.833219 5.465906
185.370892 6.840980
188.950187 7.207197
188.316470 7.572049
188.558664 7.431348
189.004049 8.557273
187.603660 7.759587
185.019117 6.605506
187.740245 5.626175
184.947271 4.186381
189.098304 8.805918
187.086551 7.871372
187.236381 5.377494
186.981114 6.766660
184.753800 4.396062
185.542695 4.938238
186.326384 5.914594
183.325656 5.988055
186.155593 8.760195
186.384507 5.632401
188.471216 6.972816
188.519067 9.030413
185.376497 5.105796
187.351508 5.034277
188.466959 7.292977
186.787098 5.987965
188.067912 8.854299
187.894749 5.961088
186.965910 6.079656
187.134671 9.071911
186.382219 8.394932
188.001141 6.476421
188.693959 8.691626
186.400445 6.346074
184.545649 6.052730
184.268282 5.977814
185.830211 5.235555
186.894628 6.823692
183.326898 5.377827
186.181245 5.157421
187.301332 8.675714
186.893098 7.863992
187.901703 9.176862
187.785331 7.338371
187.938592 6.852408
189.453356 8.026025
186.944481 5.046957
188.611564 9.263969
188.360515 7.690825
184.776888 6.915715
187.375348 8.178406
185.346244 6.149867
186.131049 6.306470
185.419032 4.292037
187.229086 8.123588
188.747902 9.185123
186.141551 9.403828
186.001226 4.891471
189.006073 7.740317
185.533696 7.193775
184.910372 7.454292
185.107532 6.428634
188.601455 7.435286
187.109466 7.382838
188.651050 8.517313
187.328380 5.480711
186.482202 6.728942
185.994489 4.888654
184.210195 5.232055
184.467816 5.405423
185.891300 6.987802
184.731356 5.479731
187.913517 6.596617
187.978163 8.601736
185.046227 4.367715
185.531104 4.766000
185.947749 6.753769
188.804429 8.636036
184.905223 6.010923
187.071503 6.370170
188.946390 7.224237
189.029506 9.167566
186.909840 5.660493
185.858040 8.030975
188.968489 8.414522
185.687726 6.160715
187.840930 9.241413
187.975257 6.359859
187.484935 9.697372
186.469197 4.468313
185.352496 5.193483
187.242863 7.860272
187.491758 7.273970
188.907218 8.347323
187.224548 8.706974
187.033180 7.516828
187.074119 6.251621
185.803685 6.503379
186.378206 6.645476
187.417306 5.793972
187.255044 6.816110
186.209981 5.664686
185.665639 6.887219
187.395400 6.823616
188.146948 8.133233
188.369515 8.787228
184.512881 6.701614
185.110723 5.154260
184.569615 4.713606
185.310568 6.752110
185.763378 5.667778
188.287253 7.148371
185.872926 7.373326
187.592876 8.502313
184.961808 5.059545
186.406487 8.057457
187.914846 7.044616
188.823128 9.606452
184.667622 6.578184
184.311330 6.937181
187.502505 9.338962
189.160899 8.095693
185.823740 4.734422
188.655419 7.804929
185.371016 5.588377
186.101981 5.012870
184.737096 5.120110
186.521935 4.472869
187.015501 5.637519
187.375235 8.434238
186.571519 8.690578
185.923574 4.411372
188.469407 9.514745
187.775636 7.676087
187.796908 6.010223
186.109959 5.203974
187.478014 7.832958
187.035161 5.711708
187.161784 5.667456
187.450850 6.326700
188.170759 6.910260
186.474373 7.320012
187.054923 8.177145
188.010960 9.190307
184.576287 4.710499
185.663586 5.144152
185.393004 6.390437
184.314437 4.417307
187.056657 5.393813
187.377275 8.087692
186.559121 7.370719
185.274943 7.087956
188.712900 7.927120
187.703548 6.130153
185.893881 5.769311
186.312948 6.144584
185.941032 5.762042
188.152882 7.154944
187.645060 8.243199
187.780748 7.605618
184.834011 6.058141
186.544802 7.462869
186.471387 6.478439
186.905333 5.389565
186.079405 6.028669
185.806132 7.267007
185.597829 5.176600
186.666882 8.851907
51.423901 13.546384
223.243059 5.448660
3.779288 5.811325
35.724675 0.160633
14.958171 2.808481
37.460917 5.253247
32.061133 6.185178
15.560863 1.356889
348.853671 4.267617
22.697188 2.579086
344.478495 -5.948590
129.648402 29.079493
342.17797 3.30070
19.424887 11.986869
354.041169 10.926464
341.160584 1.043705
331.086240 -12.163090
48.197805 14.461960
57.611895 27.698570
36.104158 0.926017
101.610180 68.293020
61.290735 23.155170
99.382053 27.551104
115.442847 19.813286
126.798735 20.743560
136.934504 15.808781
161.588205 23.072480
67.604325 24.116440
166.765815 46.387180
126.772560 22.951510
140.254620 18.207510
183.543348 6.129142
136.320044 13.744090
6.475530 11.517060
123.219723 31.822398
153.250755 10.020290
143.097030 6.464810
153.384915 9.618270
163.503135 22.089180
125.794410 10.226830
142.348890 15.111380
136.989645 23.469370
164.62133 -10.57972
192.00304 -2.79158
209.24671 -2.60358
168.91683 5.50522
168.59004 6.80044
157.711665 2.463910
166.235055 36.454620
120.797850 41.324680
156.640710 21.305550
198.547995 29.981840
202.697175 28.794590
157.847385 28.001920
204.832643 0.536968
202.958122 14.053344
168.738908 1.505322
167.962392 4.269231
159.163408 -0.788244
162.217058 0.052736
167.654833 -0.155614
162.816767 -0.834844
164.992887 -1.144858
161.409762 2.321150
172.971104 1.464408
167.589004 3.794492
166.648283 -0.416200
168.747658 2.476044
173.757058 4.391717
165.052721 4.725925
164.237579 3.990364
158.576221 1.357447
176.129100 -1.666531
170.533700 3.053339
168.147408 3.593483
169.667888 3.237033
166.026617 3.718678
165.453038 -0.113492
166.986796 4.441703
159.773108 -0.820919
169.843842 0.766067
164.825517 1.008294
165.449729 -1.746947
167.201192 -1.335128
169.603429 -1.395153
171.443371 1.054050
168.370842 0.774067
164.770917 -1.863167
172.799162 2.430119
166.963821 0.226911
161.434729 1.782797
170.063558 3.325647
166.974054 1.049433
175.532175 2.525558
161.711350 4.416425
167.673758 0.157797
165.684946 -2.116181
170.030725 1.582978
160.077467 1.445111
161.222067 1.432492
169.933004 3.571981
169.526146 4.811650
171.428692 -1.269708
165.926100 -1.944103
169.518171 3.323069
172.999763 2.487950
162.505296 1.114003
167.972788 2.561617
161.884158 3.696331
171.250225 3.444394
165.013083 -1.826714
162.150592 1.049522
164.172767 4.108750
159.665825 -1.793036
171.417379 5.041514
160.788996 -1.277336
169.470117 3.179253
162.393667 1.980297
168.454725 3.553500
158.939017 -0.595222
167.353162 -1.922675
167.757571 4.733244
172.180254 3.725842
168.396358 0.692411
180.975675 3.318590
203.694945 19.750890
205.176315 19.471220
198.376815 17.324450
228.38683 6.03922
222.893246 -0.783778
219.095464 -3.185655
214.053547 1.006477
216.578484 0.561042
254.9607846 -10.2528433
186.014574 7.571537
188.920175 8.610193
185.143460 6.537619
187.536890 9.226136
186.647740 8.460187
187.827398 9.035056
186.808232 7.103867
187.075841 7.075028
186.118940 7.259093
187.374100 6.719612
185.987523 5.084241
186.965828 5.035786
184.121097 4.676186
187.397759 5.407045
185.784742 5.281384
187.981645 7.086378
183.902167 5.894340
184.948207 5.655901
188.774864 7.373571
187.596497 6.065839
188.488831 7.407023
185.954212 4.751525
187.649418 9.764708
187.398289 8.250646
186.931492 6.207864
187.181345 5.068067
185.492100 7.537006
188.078981 6.329803
188.457567 8.963888
187.197194 8.140488
185.342792 5.133262
189.168953 7.808564
189.107301 7.952513
187.195512 6.691631
184.649454 6.691134
187.619968 9.226290
188.808104 7.159140
185.205140 4.977558
186.674780 8.150797
184.690428 7.257073
188.914498 8.929252
186.130054 4.838996
188.665198 7.870409
186.297578 5.641155
185.690359 4.476375
185.341928 7.213273
186.873989 5.332912
185.508211 5.144714
184.538365 4.755098
188.790607 8.622869
188.865548 8.395888
186.009837 4.807413
185.516755 4.235763
185.846329 5.864151
188.978204 7.733820
185.948791 6.610341
187.033107 5.301442
185.556670 7.506526
185.196357 4.524060
186.140504 4.944258
186.315718 9.202715
186.906364 8.597658
188.716261 6.984114
188.489703 6.986945
186.706413 4.936858
188.808125 9.331869
185.684034 5.536918
185.918198 6.592799
186.219031 7.275579
187.022738 5.693129
186.242718 6.771442
189.180952 7.781367
188.929369 8.739129
187.273892 5.757904
184.266740 6.771692
185.505342 6.770864
186.598359 9.241476
187.842267 9.505764
185.934370 9.138398
185.464567 5.685565
184.963129 4.252577
188.273222 6.922484
187.381050 9.361296
185.725170 6.649027
186.919403 6.195410
186.829625 9.548847
187.755512 6.606905
184.594784 5.815025
186.222626 7.811910
185.530189 4.808617
186.627265 7.379267
187.978760 6.614455
186.297214 7.339841
186.290661 6.927849
186.641117 7.339475
184.720683 5.295382
186.095588 5.274467
184.121440 5.505662
186.385510 4.734318
187.170985 6.812412
185.744247 8.619227
188.626889 9.220932
187.008174 6.146678
184.565007 6.095059
185.625192 5.607763
185.575658 5.198944
186.061291 4.930285
184.982455 3.952314
185.787402 5.710327
186.437573 8.178601
184.727652 4.058167
184.255243 4.390187
189.005000 7.714705
184.447676 4.705715
188.425260 8.773753
186.436791 4.559126
187.006699 5.392389
188.397265 7.147244
187.424178 9.507002
185.846748 6.489649
186.923213 4.723048
186.340201 6.555485
185.448918 6.097233
187.617992 9.578421
185.183257 4.375108
188.571053 9.308171
186.610164 7.836389
186.482640 6.613756
187.781105 8.161203
186.102231 6.745143
184.742389 6.782560
185.342163 6.882113
186.139104 7.594365
185.214894 6.784950
188.018716 9.462335
187.058658 5.979854
185.290084 5.298016
186.028554 5.038178
185.616680 5.938577
188.023810 8.321826
186.284818 5.314336
186.746769 7.143815
187.207360 5.735871
186.112220 5.171414
186.996666 9.548655
186.767872 7.805144
185.086936 6.271561
187.081444 7.872292
185.188173 5.581232
187.026546 5.488292
185.943584 6.583865
185.657265 5.729932
188.197464 8.920361
186.909468 7.838284
186.866761 5.645490
186.693344 6.166553
187.721000 9.385566
188.218194 8.195280
185.357610 5.591705
187.700033 7.956496
188.841231 8.273736
188.331532 6.808010
187.357692 7.660914
188.678570 8.296462
186.170936 4.513388
184.648949 5.560223
186.660454 5.999970
185.984066 5.618253
187.355376 6.809891
186.956835 6.742731
187.903009 8.799370
188.471386 7.241096
185.322685 4.710298
185.445179 5.069799
186.441417 7.421743
188.750934 8.658997
187.302039 5.579629
184.204521 6.340027
188.150520 7.021242
187.114623 7.119885
188.476165 6.467978
187.800326 8.406239
184.810406 5.029383
185.459099 5.741675
185.830968 6.352460
188.830897 8.226231
185.069216 4.878318
187.456880 7.615518
187.211759 6.282800
186.643320 6.020853
183.817030 5.029638
185.703383 7.017633
186.643250 8.416198
186.717575 8.103710
186.834945 5.043291
185.756816 5.982664
187.810912 7.329433
187.529518 8.190217
188.250911 8.016450
185.841817 6.179495
186.852365 6.538875
187.854804 5.778453
185.688835 5.539232
187.726567 8.105130
188.161481 7.926864
183.279325 5.885230
188.030930 7.100316
187.967607 8.732324
186.795180 7.487515
187.735301 5.784139
184.458188 7.267398
187.723943 8.575618
188.711905 7.261348
184.469678 4.857448
185.381759 5.247404
185.219470 5.495297
184.422591 6.965157
187.543883 7.374304
186.397952 7.208518
186.419631 6.105214
188.322645 9.577647
186.441774 6.464458
185.038147 6.458903
187.062590 6.147377
188.745187 7.325132
184.471999 4.025131
185.910160 4.566111
186.782601 8.893069
187.405264 9.244478
188.603185 6.627062
185.158736 5.947600
185.705828 6.078845
185.813119 4.281256
185.693056 4.317392
187.292911 9.880027
188.005355 8.526268
187.928164 9.727986
184.151712 5.117600
187.535195 5.764346
187.397455 5.842923
186.584294 6.073145
183.964758 6.265430
186.843599 5.795046
226.142075 -10.024669
185.058204 4.717905
186.465195 7.542054
188.362184 7.612970
186.357254 5.516682
187.756826 8.947038
185.789247 5.608314
186.399111 6.620878
186.356662 6.960190
184.723927 6.393408
188.818798 8.742771
185.057945 4.714676
188.110346 7.283426
186.312005 7.158626
187.936103 8.792341
184.798990 5.593335
31.246467 6.191878
16.979733 -0.533278
17.433450 2.405758
24.179329 -0.181858
351.137050 1.817186
0.598500 5.794264
36.409742 5.827686
144.545166 -12.366498
174.228250 -2.271353
192.16837 -2.02064
349.357042 2.562244
4.929796 2.558672
60.504690 28.357590
159.634512 3.379858
322.440795 -13.261440
356.331319 10.536941
132.752865 20.518520
204.788813 15.553167
247.919955 -8.944460
332.429190 11.266920
352.633854 5.458775
78.005265 12.324980
166.048335 45.013510
359.259334 -10.715836
148.311795 20.601100
143.435119 15.188944
140.024870 14.242667
136.929749 15.234804
179.817263 -2.270850
99.890730 33.221940
133.880685 16.310320
133.669050 17.368730
134.539545 16.544300
133.829520 17.519870
134.222745 16.861670
133.473705 16.365520
67.379910 24.961690
173.540535 24.911420
152.286105 3.080860
130.012035 15.632590
183.057825 17.797720
141.830115 8.279240
130.922835 4.749100
141.585390 10.717640
159.223695 0.052720
162.040125 25.496740
173.880285 18.502050
191.059110 19.539040
146.637285 11.878512
179.816895 15.584230
129.467325 36.786620
175.167533 3.351697
157.471567 0.661397
155.825400 1.952342
157.026992 1.657014
166.231450 4.061700
159.067800 -1.864625
163.666579 4.016542
157.569904 0.916025
157.363071 -0.260481
155.020833 3.342744
166.615725 1.008881
162.919625 1.732769
157.956838 0.774242
232.708935 14.816410
228.315525 12.087390
154.953705 -1.141290
170.624554 2.789569
168.088254 2.644231
153.641342 -0.696781
154.629671 -2.124283
160.339679 -1.792028
205.328820 18.841290
171.894540 1.689000
153.271605 13.797790
161.372475 4.416275
167.492385 20.400000
162.079592 3.872453
161.519158 4.305486
204.316110 21.103790
149.665920 32.665180
161.465229 4.839086
205.164015 21.928360
162.662213 3.407703
185.033820 30.635840
216.901469 -2.251012
220.739181 -3.357065
189.96646 17.86325
201.519925 2.960619
218.265405 0.861450
215.125446 3.350733
215.864733 -1.629642
139.185525 35.684080
214.900746 2.307583
203.437742 4.251556
215.625767 3.145867
217.380546 4.485678
213.463554 2.408253
209.995279 3.740497
205.606146 -0.120111
205.358033 3.752697
216.292042 2.270594
201.168600 4.719522
218.398638 4.785517
211.367729 3.766664
218.055925 -1.549306
205.986479 5.194961
205.158762 3.083575
213.533046 3.488269
216.742483 4.760325
206.276508 1.471269
198.317217 0.587853
205.963838 -0.538703
202.014950 -1.174469
212.142258 4.301964
203.457000 -0.513386
210.024550 4.008719
206.758875 0.832606
217.471242 -0.866464
202.719275 -1.135189
211.994567 0.748761
212.393683 0.889636
214.437038 0.009236
205.413354 -0.226631
208.727708 -0.029272
201.154496 -0.831147
343.931058 -0.084456
348.803354 7.175573
136.290474 10.651944
145.477650 31.015570
13.483994 -10.457838
344.623193 -2.865900
7.87471 5.72603
354.744188 5.650375
8.86642 6.26392
40.341743 -8.055728
359.437540 10.664146
4.619817 2.221378
1.832900 0.647478
0.816887 4.902158
1.681983 5.654956
4.759079 0.351481
3.828217 0.995514
3.467250 3.659008
3.521354 -0.134886
4.496604 3.341608
3.887946 5.964581
4.471529 5.842361
2.745504 0.617953
1.843933 4.907264
3.395367 4.554661
4.106054 4.722700
4.255654 4.170094
4.606392 2.905119
354.845605 31.183022
0.899642 4.195028
5.343838 -0.421144
1.681137 3.026658
4.771262 5.736194
4.030642 0.984239
3.248367 4.445167
4.394329 3.370722
36.526625 3.704125
30.124002 5.401590
23.134496 5.360031
27.151650 0.419542
35.846458 2.672017
36.138217 0.523553
33.866158 6.330650
35.154425 2.285436
19.377942 5.137706
349.485342 -0.024064
19.122810 -4.016540
3.624540 29.911420
337.29955 -3.39796
356.056837 13.6788578
347.547300 -5.000170
351.641196 -10.587182
8.593248 26.880004
346.815491 9.858319
353.108888 2.739708
6.87833 6.82692
13.372292 11.632661
6.97650 8.59189
9.009514 32.351874
6.84829 7.95656
1.60433 0.12025
351.290217 2.331764
35.838419 23.110700
350.835433 1.787119
36.749220 2.474431
348.522958 4.284153
349.719908 -0.473456
353.430921 2.639181
346.717596 -0.241850
3.580912 15.604350
21.394515 8.514687
17.085442 8.372689
12.508215 15.181050
24.588184 8.052118
27.557433 6.821049
20.959882 10.773989
21.979655 9.288207
352.382811 -22.076576
0.648363 0.131061
4.262008 0.564678
2.249637 5.865653
2.400954 5.195717
3.792438 5.546472
3.564075 2.630697
4.057200 5.752303
3.816900 4.930753
57.074085 17.219280
211.478897 -8.215779
187.153004 8.252493
186.545513 4.997560
345.936075 -3.446570
344.215979 -0.578575
8.048969 -9.678294
344.406892 -4.038196
337.495789 -2.246403
358.995504 -14.285249
27.411722 -3.495969
43.291864 21.624373
353.043679 0.768914
348.258312 5.275753
353.527096 3.119736
39.568432 22.375241
40.731858 21.860149
7.35875 7.89447
6.09138 11.76119
354.052963 4.958458
353.794562 4.692669
29.919871 12.273977
24.048579 9.038204
24.550725 9.336832
24.478764 7.256860
23.989545 21.638620
27.581621 7.750071
27.667760 7.184075
20.568484 9.113057
26.642342 8.097919
23.945419 10.621984
5.089887 5.274519
3.562804 3.815961
4.285062 3.342244
26.134725 1.008158
31.789692 3.649992
31.349950 3.607708
35.554583 -0.233636
19.926570 5.391910
30.010882 4.952247
3.430358 2.041164
0.670404 1.590736
3.329175 3.390047
35.334792 5.351292
26.149342 4.005803
28.273025 4.802444
17.675646 5.968653
27.777288 8.524867
28.543967 3.730494
30.064488 2.377406
19.348770 8.021814
24.467871 5.777546
4.998242 3.538394
25.656104 6.061311
27.460646 3.419467
33.074864 7.589562
25.756755 4.947990
29.728393 7.150520
31.460852 0.788107
26.588820 4.727240
26.445255 4.344680
17.186445 5.948610
29.160795 13.421870
28.009230 5.977550
32.367818 1.477100
31.076701 0.959279
38.197274 4.988550
56.396355 17.294620
34.335471 1.599760
19.791630 7.948040
27.411975 6.442880
27.946963 1.022167
36.020846 3.167311
29.232792 -0.179394
36.757842 2.208631
15.131262 2.232828
26.252115 5.281260
28.119192 0.690386
15.414608 3.486097
25.826055 4.430980
35.710750 6.777274
40.889196 5.897395
36.249337 3.138217
30.430808 5.369086
33.582142 0.994806
33.125333 5.176811
34.839867 7.376530
33.469411 4.500517
34.893762 5.139091
351.889905 3.651860
31.444237 4.077239
31.670857 4.653050
36.731993 2.846341
27.508155 6.576450
35.051562 4.935022
36.616154 1.683889
16.890342 2.751461
26.839154 5.480578
26.341095 4.864060
36.536446 1.660636
33.664103 1.599101
35.468396 2.252786
25.016912 5.081989
27.367604 0.271233
36.933279 1.705658
14.662242 3.588147
15.071329 2.439811
14.401763 1.447692
25.292896 4.636883
24.618975 5.042533
14.750800 2.439703
15.273533 2.889789
25.216137 4.723769
26.153662 4.304381
27.333892 -0.519664
29.192400 -0.668497
27.828417 0.599806
27.806238 0.854672
28.390825 0.167636
28.476117 -1.011886
35.958250 2.852939
14.922900 1.276283
15.300542 1.570650
15.443529 1.638714
16.087388 2.977533
15.949392 2.233464
15.072908 2.400586
14.463858 2.662103
14.863708 3.030967
26.016000 5.712331
25.246475 3.976569
25.739025 4.733167
36.217796 3.037272
14.112117 2.567014
15.293025 1.554533
14.658608 2.592383
36.149762 1.650081
36.255783 3.542322
28.761058 3.879044
15.528904 2.467831
25.880975 3.883211
36.116654 1.604953
35.169650 2.519564
24.660546 2.303522
36.441325 3.315486
24.757608 5.450936
35.473046 3.155392
32.701583 5.463072
31.040213 5.862503
27.919387 -0.012125
28.771625 0.492019
14.952675 1.374939
14.435721 2.808667
23.873429 0.956092
26.691967 4.000978
18.231142 2.497078
22.893292 -1.097003
29.977092 5.332669
27.508771 5.361672
26.996625 5.529903
22.739967 0.060358
20.763921 4.185061
25.682758 -0.768997
25.481379 3.756292
29.320092 0.040869
35.440467 3.227722
35.280833 5.224442
20.497883 0.551747
14.254046 2.050375
15.007392 2.172914
22.940287 -0.861733
27.472546 0.305761
33.404688 0.203950
33.340133 4.323489
21.578850 4.658814
31.101879 3.797186
27.491825 0.197139
33.186046 0.441719
35.367688 2.382806
27.396417 0.298442
30.388479 1.662772
29.966167 2.118883
24.697862 5.112006
30.878554 4.178144
22.318504 1.774472
27.969904 -0.463503
22.215571 2.388983
28.526383 -0.325878
0.859213 3.795650
28.697358 4.684775
27.343812 4.866872
17.868825 3.895478
32.580054 5.037761
31.916175 4.764617
2.752517 -0.325178
26.283021 5.583692
36.729592 3.115011
26.111867 6.110558
22.971867 -0.870217
23.018671 3.208950
29.542567 -0.368906
36.365800 2.614422
36.221400 5.741811
31.536017 -0.482067
23.731729 1.488400
15.343196 2.699194
14.616162 1.700783
324.596733 14.119710
309.267060 -0.734360
259.315385 6.551972
350.392754 5.466472
59.307615 20.038460
207.709922 -0.699953
216.400875 -0.332208
187.56567 -3.30197
209.74692 3.42536
210.90458 2.37692
179.436660 33.119260
212.294265 -3.641550
219.551475 -5.529500
218.262195 -5.821970
218.942940 -5.150630
212.911380 -2.221180
214.40987 -33.99472
215.888355 -6.644340
216.278205 -6.832480
139.891365 11.643430
209.956675 -0.334217
209.607854 3.459925
215.684504 4.047147
215.240092 0.491533
212.424525 3.637736
216.951654 3.842706
211.040450 4.646883
202.930088 1.770750
208.020046 -1.913139
210.620292 3.268200
210.924483 -1.813506
203.846796 0.037781
218.071354 -1.555533
214.211592 -1.811778
199.318887 0.888372
216.370142 2.339928
199.567671 2.679025
210.481479 -1.534983
200.114579 -0.743236
204.616100 2.809983
218.299500 -0.335253
210.478338 0.837711
203.766325 4.856278
206.744513 4.003089
207.110350 4.116533
217.626117 0.392506
208.686537 2.420753
208.548121 -0.799264
209.708246 -1.848733
315.732015 -9.425900
334.146900 -10.043450
308.471175 -17.780730
308.738025 -18.761790
334.539930 -10.178030
339.291475 20.754530
329.546054 -5.674859
309.158925 -11.304630
335.620852 -10.717509
348.410650 3.454000
351.520325 5.499778
322.775126 -15.422828
341.783814 -6.906341
336.08910 -1.83558
339.51774 -5.91194
338.27414 -2.52053
336.67430 -3.16412
335.69577 -3.77949
339.66338 -3.64131
338.10119 -2.93526
317.537162 1.739265
319.114453 3.995045
318.744197 6.588564
218.140221 0.085711
319.467484 -17.573297
318.697575 9.813980
343.3211838 0.3817961
321.694275 -12.972110
333.460125 -11.095850
347.112315 -3.662350
339.458715 -7.278880
347.567595 -0.731470
336.635895 -7.823360
340.565535 -7.297970
346.312170 -4.927360
337.641180 -7.005000
339.712125 -6.422140
343.978395 -7.111220
351.319035 2.276600
341.894565 -7.696700
349.844895 -0.709840
344.264490 -8.243630
307.614809 -17.392443
340.295323 1.898570
348.151792 2.051786
344.247175 5.783897
352.06625 12.98850
347.74658 15.66472
345.210721 6.423239
345.409063 6.109617
344.810442 5.679414
3.554694 19.910290
43.448315 -5.572514
308.696098 6.969084
346.188425 2.653336
337.536403 3.994822
16.243892 26.432540
352.015121 3.136997
345.788458 5.648958
349.061617 0.449792
207.33028 -8.78888
17.613912 -9.440928
8.122056 13.122690
36.100132 22.770565
336.48960 -2.95583
327.523931 3.510840
325.191205 7.147041
342.407955 -8.044200
347.025735 -5.701750
345.357060 -4.980860
346.356300 -8.032430
343.887105 -7.101270
349.131510 -0.173330
341.486085 -8.379230
354.015879 14.972145
335.326070 -6.647537
332.886278 -1.312274
330.878367 -3.196767
343.030080 -5.921381
343.791841 -5.442500
344.454908 0.441253
349.394271 5.051903
351.436808 2.908156
351.225975 2.928181
356.588617 -12.148483
336.774659 -4.877750
334.660346 14.220432
345.560904 -0.843181
347.034950 2.768375
350.575467 1.121625
353.343192 6.079206
348.763600 4.770308
342.228387 3.848247
354.502412 5.002375
347.847283 2.752817
351.001142 4.244767
353.759546 4.172978
353.936829 4.462400
353.313963 3.894803
346.183787 2.916747
351.053133 -1.118844
344.698867 5.784181
342.478925 3.737217
356.693708 5.690186
354.930487 7.839318
7.02596 5.48469
320.356590 -1.262200
4.59775 12.22183
356.274708 4.866519
355.030050 4.596233
7.41225 5.51283
351.409421 0.351758
352.935329 1.015819
346.735692 5.789119
2.369808 2.907844
3.424937 -0.039700
359.987942 2.394802
2.866963 0.115247
358.789708 2.952450
4.655771 0.456178
2.587021 0.866964
4.064992 5.745703
0.072413 4.516286
4.140242 3.871625
210.631762 -5.923021
3.299612 4.668203
19.862646 2.829219
36.893917 0.650525
1.445817 0.998469
2.605587 4.913392
22.123602 3.566331
3.859887 5.168169
0.752283 5.732444
36.641933 4.423831
1.976258 6.411111
353.947096 4.605183
359.500000 0.922342
4.292617 1.398100
28.645079 1.300317
32.577971 4.722106
350.385697 22.252455
20.704183 3.627633
35.124608 5.128861
36.551675 3.250711
35.824779 4.980078
4.811867 -0.295081
0.395333 5.307994
359.158429 0.745856
27.255633 2.153583
6.930135 24.034170
36.662429 1.421306
31.611808 2.560186
24.750658 -0.212908
26.711016 5.598563
36.101000 2.130272
354.565238 -0.295206
27.521754 -0.394433
4.427475 5.494206
24.967442 2.710569
4.581525 5.280817
36.618432 1.702031
24.875040 19.836170
29.675072 7.105122
25.815945 18.260820
2.847645 29.401970
48.660315 18.673530
13.656525 13.772500
21.604785 10.581320
30.099579 -0.092103
20.149408 1.321489
335.15953 -1.78832
324.84863 -12.91131
4.86504 8.89286
354.082171 5.204500
353.367108 6.292803
4.30425 9.34800
351.60925 13.89392
350.549079 3.950419
359.523959 9.383430
6.78983 11.42492
353.268388 6.450119
351.617782 10.042309
345.762179 4.106053
351.530933 5.722278
16.691817 -0.422122
33.663959 20.094250
35.925350 19.195259
35.037391 18.328928
42.224410 18.091892
44.147446 -2.610155
25.167071 11.284618
22.794317 8.096917
27.036758 12.439704
23.970543 8.196524
22.752008 11.147688
27.705022 11.274274
24.106367 8.195548
4.045553 8.787710
25.857658 16.257458
23.245196 13.348539
22.968482 8.349363
42.584234 25.686198
10.538756 10.477859
53.868623 -8.591950
27.904440 8.148092
23.857525 2.784251
29.560436 6.283426
20.535301 2.382264
32.615721 4.996108
2.294087 2.535578
3.832088 4.830428
5.110396 5.379203
31.031763 5.799784
24.613200 7.023025
3.888850 4.143272
20.558450 3.782692
0.471500 6.414239
5.093921 5.942297
20.485063 1.360292
4.399825 5.912614
24.62517 5.00581
4.144712 3.303992
358.969450 5.368342
3.793783 4.206217
2.649054 4.717614
4.204783 4.701750
3.980504 4.299700
21.718398 6.857066
26.945924 5.453234
26.664671 5.502512
20.256069 2.537824
19.515267 2.613061
33.800925 3.960853
4.861221 1.097247
22.493554 5.509144
4.195833 5.716939
3.834375 3.785403
1.061021 6.827253
6.96850 2.10989
4.895875 5.614783
31.556880 2.380322
34.130429 2.694291
16.823425 2.595322
27.789662 0.393492
39.096156 0.106236
19.433235 6.633310
37.589598 5.409676
32.684510 2.024870
26.077321 4.156219
37.745934 7.174076
25.754205 9.729170
37.247575 5.702482
34.483396 0.297594
29.459992 2.501514
24.452908 -0.637536
22.463750 0.526642
30.585654 5.322353
20.473746 6.025614
36.573611 4.007824
20.522979 6.084556
33.533740 6.684795
32.811104 -0.316289
34.134359 2.965883
35.272170 4.431760
31.858993 7.636022
26.057662 3.669833
349.983570 4.372980
36.863703 2.237666
41.029454 3.108516
35.827965 7.592294
31.257520 1.036646
30.471537 5.079169
34.756040 4.436038
37.656496 5.111887
27.465540 11.144500
21.103404 5.562131
15.662621 2.106906
17.885160 7.868030
17.469285 6.978340
21.323235 6.429790
32.833196 4.864622
24.901387 5.039644
352.821780 2.966410
346.431308 2.685542
39.463165 2.072099
25.315770 18.778520
31.018204 -0.774769
30.498850 4.737508
36.200642 5.884947
36.493412 -0.263492
41.222447 5.060575
35.216958 2.610206
21.099950 5.617783
29.248992 2.386578
22.938754 3.432419
20.419335 6.770140
29.995725 4.735747
48.215505 13.974450
47.800605 23.968270
15.454929 3.796344
29.977625 4.772733
2.499950 5.499472
36.371842 1.376567
33.035717 6.664698
25.241354 6.066464
51.560910 19.610610
22.464979 0.553192
25.391950 0.809758
53.653680 19.247920
57.757320 17.536640
184.411122 6.931876
186.165867 5.003400
185.169211 7.303766
185.186705 5.578773
185.069572 5.516261
187.279494 6.651830
185.452115 6.922197
185.820688 4.294177
188.328213 8.989528
188.036246 7.236368
188.901071 8.563488
186.277775 5.494034
186.013892 5.383636
186.715277 6.413868
187.175950 9.046337
184.751358 4.689532
186.646386 7.964188
186.408238 4.283972
187.951604 7.005699
187.687296 8.125474
186.506248 6.423021
188.413013 8.141217
188.354565 9.727352
186.944380 5.105611
184.908955 5.401630
185.366632 5.929284
186.020418 7.269073
186.639308 8.668724
186.261591 4.599448
187.464123 6.352147
187.075756 9.421312
185.838529 4.602807
187.264312 5.200688
187.887102 8.270464
186.693107 5.765808
186.737300 8.318932
187.882106 9.262969
155.885054 1.556447
342.075442 5.987272
351.454629 3.182333
0.373558 4.964625
208.779266 4.426051
25.528846 6.427489
143.133106 15.024830
205.833535 6.458391
351.577482 10.554563
32.681720 -1.417191
210.324363 0.454456
8.930580 11.735000
131.228325 11.372830
335.52657 -4.62997
210.248767 3.187639
217.010779 3.050017
217.510013 1.592528
245.568615 -9.758170
254.524583 19.757196
307.363033 -2.824568
136.819018 15.584202
121.119421 19.169080
115.208759 19.338272
135.163050 16.948320
135.201585 15.915070
168.302430 35.238760
120.528322 1.190974
139.82833 25.71236
95.856480 52.992660
171.077213 3.244958
168.597704 3.522256
169.32912 6.55933
209.08133 -1.63756
168.47575 6.23075
144.268710 47.718600
209.08708 -3.48872
209.65338 -2.77481
173.072167 2.051094
170.574584 42.242523
148.563015 9.298430
186.726560 -4.648449
162.743125 2.771314
172.660721 2.953500
158.414050 3.846367
170.456963 2.805867
158.391304 1.608222
214.366427 6.783984
162.492488 0.183875
170.645383 0.161758
219.167653 3.150385
160.989492 -1.361383
170.308158 2.888036
174.554012 -0.601786
175.725171 2.814919
156.771625 0.416519
155.697679 1.120472
223.531402 1.361692
168.581104 4.122525
167.87054 -25.08717
167.17696 -25.38956
206.219887 0.506852
233.855670 14.469360
175.354721 -1.530006
181.955835 2.770880
184.224690 2.873060
226.863195 -5.058740
227.191920 -4.678040
229.095810 -5.797050
183.091545 2.831600
184.223610 2.284590
139.948245 21.665930
162.877621 4.444339
202.362855 2.826460
203.365305 1.782690
188.914935 3.971410
202.640085 22.131610
218.547565 22.482880
200.060440 32.773717
226.959399 -2.250916
200.3290099 1.3023135
149.640821 -6.815143
217.657755 -1.183780
218.205765 -0.278120
204.537621 2.903261
211.710921 -1.728186
216.024671 -0.863211
212.906375 -1.252453
216.206579 1.828794
212.813342 4.894367
214.008550 -0.243550
215.865646 0.671672
213.127133 1.558186
207.609325 3.944253
213.453737 1.584406
200.973492 0.625403
204.531337 0.147303
209.629471 3.375781
217.004413 3.422794
214.258867 1.282225
214.799162 4.459675
218.501467 0.115403
209.953671 3.360264
213.024821 -0.446433
210.493621 4.006553
198.340058 2.174989
210.272279 0.413250
205.273650 2.658964
204.925842 2.323336
201.989587 1.256156
215.766479 4.225003
211.987754 3.340589
201.596492 0.760742
198.329813 3.954861
213.926271 4.441539
203.906975 5.193444
216.707679 3.478625
207.332987 0.897819
210.578029 -0.993583
217.735533 2.581900
210.245217 4.089447
214.085221 4.498989
206.622600 0.678367
212.156692 -1.237739
217.907246 -1.564158
209.335292 3.479478
252.902923 11.625872
321.404987 0.445014
357.168363 7.770252
13.510204 -12.807155
251.815577 21.595057
188.873060 7.434616
188.993932 7.715548
189.430491 8.578618
186.444562 8.839449
187.666988 9.286921
186.666964 5.477996
359.181021 30.409553
329.813235 10.567500
352.64104 -3.20664
350.138318 28.785619
29.761275 21.604880
56.785209 13.541222
17.711366 25.104602
336.42660 -2.21446
345.747570 -4.590400
350.912775 2.844820
352.623408 -0.062886
7.12371 7.04350
4.56162 6.06981
27.379575 2.627283
359.708685 2.443350
358.353015 2.998320
14.463134 22.792327
343.452942 2.896622
343.179133 6.867242
5.41850 4.88461
340.913955 27.266130
12.629145 12.686810
353.25746 12.98922
356.541892 5.689417
24.511571 24.302903
39.062104 -2.322497
44.192165 -2.028574
350.763621 3.916219
34.156848 30.316889
8.45142 9.27628
42.163250 5.665615
40.291422 5.935396
359.401785 2.301170
12.021015 13.603620
14.090295 15.240180
13.050616 11.269598
23.528357 10.776482
21.913329 12.739338
27.922628 10.665156
17.144928 11.072480
29.458041 13.461150
14.175422 12.033444
26.861520 21.325320
28.537500 20.381810
357.034245 4.857560
33.913592 0.231469
17.222454 4.675958
34.591500 3.108961
28.983075 3.877653
17.483475 14.422420
15.376305 14.844250
338.087385 25.148460
338.952780 26.398420
36.370604 1.479978
35.291658 5.035689
37.616758 3.476103
25.101187 2.857342
36.670371 3.922453
37.784854 2.629897
36.017696 2.244628
19.991512 -0.063056
23.985579 -0.668853
21.830108 -0.488978
33.244908 4.459206
16.792013 5.366375
29.928913 2.994336
37.637388 3.613589
27.420012 5.469292
33.104096 4.791308
35.433117 4.255711
35.410604 5.103078
32.647925 2.938028
29.768292 0.129844
24.876100 2.204625
24.823496 2.805700
28.194192 1.557025
23.272379 3.215828
23.530992 6.341906
17.742504 -1.162789
33.283633 -0.176781
33.343758 0.420394
28.687729 2.388261
35.438279 4.634636
21.899296 -0.338717
31.296396 1.128364
3.731200 2.466125
30.888237 4.166264
18.731333 -0.127494
35.809904 4.450269
14.098417 4.577000
31.976100 5.171317
4.789770 5.396830
35.650358 4.202764
22.180854 2.666894
19.460662 4.773658
22.937792 -0.783814
34.051783 3.172308
33.574850 5.965756
31.168175 -0.648856
28.948725 0.805125
30.822208 5.723797
30.055596 4.967081
22.117058 2.929733
28.352038 5.101644
35.783462 2.478233
35.389633 2.632939
28.655858 4.274719
33.913346 3.177919
28.309487 0.571672
35.447008 2.019406
29.576613 -0.644758
25.878846 4.166981
21.763596 4.378314
28.713979 0.442342
22.192775 5.138692
26.458650 4.178739
31.118621 1.618881
27.001583 5.541144
15.813854 0.435256
33.727187 3.951342
27.032612 4.547656
16.041163 2.826333
15.592058 2.961489
27.453371 0.346142
35.414842 3.118300
24.747075 4.930047
32.591300 2.444222
22.156371 0.278931
28.561392 -0.600656
31.134300 3.817331
33.865138 0.406597
20.944350 1.849261
29.249375 0.968744
30.150858 4.796381
35.793804 3.443200
30.430696 -0.288317
32.078742 4.423333
29.186788 1.149106
15.815867 2.742731
33.806825 4.259803
19.896679 1.798764
19.389121 5.058108
27.603233 0.128714
29.577938 4.404183
18.342075 5.378011
30.104683 1.878164
23.621263 2.301986
28.114929 1.864756
17.118229 -0.159119
19.380258 4.756628
25.457358 4.051703
27.253471 5.387717
30.840671 1.869525
26.408275 5.917428
29.315158 3.986931
27.086746 4.942386
33.697767 5.186325
29.696096 -0.407303
29.541117 -0.276375
25.532000 2.687867
28.548787 3.742750
36.509925 3.280794
30.447933 -0.332864
31.076542 -1.355647
26.362662 6.018017
31.047700 2.198158
37.130017 3.322192
25.940371 5.427869
35.278708 2.989308
28.869246 0.411964
18.047954 3.943933
33.778533 1.392503
27.821917 0.725383
15.927133 3.160314
36.956708 3.290000
25.665992 1.164422
26.299613 4.187317
14.609633 1.497094
16.317046 2.615392
29.926258 4.642425
30.506662 5.257486
28.595262 -0.205731
30.028996 1.897208
15.379942 0.801131
16.152300 5.347572
17.917954 4.806047
17.880000 4.927356
21.764183 0.478856
21.058442 0.429239
25.715467 0.346492
21.405108 0.241892
28.772912 -1.191997
23.476867 0.508617
31.304475 4.961611
30.303546 4.629000
33.831500 3.920467
30.592496 -0.343122
19.399687 5.046556
31.880313 -0.989247
30.568162 1.669456
21.007412 3.902211
27.520308 2.387728
33.188237 -0.572286
30.103871 2.641283
29.211004 0.949797
23.720667 2.101661
21.151746 1.293564
19.850650 4.517275
22.093171 5.239531
29.021788 -0.964003
15.803813 4.551508
24.761442 -0.053672
21.320017 1.959214
25.612087 1.920928
25.601696 2.357947
18.546858 4.518289
17.653746 3.948358
26.185992 1.181331
23.649237 1.354964
31.511333 -1.055200
27.543238 0.143597
24.746963 5.401289
33.964275 3.924744
32.227904 4.904450
30.120529 0.111853
28.948892 5.029819
28.977583 4.933792
16.387267 4.293300
25.971896 2.852978
30.440554 1.777689
32.176987 2.221486
19.295354 0.382403
31.231329 2.103878
35.111838 2.340242
358.858733 5.857722
21.901408 4.504511
24.504883 -0.580458
29.750425 3.084997
1.249983 3.768756
31.469463 1.801642
34.983937 0.730125
34.971842 2.841739
34.395787 3.108778
32.050838 2.525097
30.630637 4.919442
36.054783 0.075486
22.277813 0.141714
19.543517 0.404408
27.480242 2.667167
33.439304 2.731631
31.020908 2.646536
24.982325 4.539586
17.460892 4.214114
27.187387 1.866517
29.261558 4.780831
31.92208 -0.36397
16.043492 3.993092
29.82496 3.59483
22.104350 5.665692
30.986954 4.891053
33.759533 4.126828
27.547617 2.157083
33.631996 4.848983
35.739600 4.786186
32.638558 4.411947
32.411763 5.183950
31.586479 3.087031
34.516225 2.320086
18.854796 1.917394
30.691742 4.114314
28.970804 4.041536
22.013758 2.582964
31.679529 -1.143903
25.215692 1.661144
26.453829 3.989650
29.005621 3.052272
23.652167 2.472003
20.032442 4.374558
33.131850 0.258717
22.400875 0.438278
25.504212 1.649667
30.910279 2.377322
31.042092 1.713086
32.699850 2.881197
30.705138 5.183186
24.501958 4.934736
15.308362 1.018447
14.609650 2.064347
15.449825 3.250061
26.005725 5.945081
28.757267 3.824322
16.072192 2.915367
35.915537 3.577850
25.968083 6.040772
24.755467 4.906111
27.478837 -0.117997
27.436488 0.259950
27.808325 0.343581
36.381375 3.056147
14.555146 2.356817
15.151587 2.385756
18.210608 3.802106
36.394200 3.095531
35.181075 4.689153
2.652687 4.987633
26.260654 4.936831
15.270962 3.356794
17.603717 1.354689
16.382558 4.502214
17.506042 2.399856
36.482550 1.580922
34.98392 0.40753
35.828667 -0.077631
35.717571 5.406292
36.856829 4.667894
36.673163 3.830678
25.587371 1.383211
27.646875 5.254417
26.552617 0.659469
35.407371 5.509556
30.682571 3.711361
28.928012 4.046322
35.568983 1.636503
33.022337 3.123944
35.343933 4.392425
14.322829 2.225178
27.451763 0.026164
23.911779 3.412203
32.988117 0.144053
27.702008 3.367206
32.086571 -0.652422
24.715542 5.413572
17.937321 -0.176714
30.398671 2.319192
18.205012 0.289906
2.606075 2.823372
18.324929 2.248686
34.826392 -1.054608
21.467167 4.312292
24.346883 4.794478
26.396858 0.881064
16.624608 4.848342
17.823421 2.250233
20.925763 2.727581
1.086954 3.211197
20.840046 5.988244
37.007208 5.137264
25.286242 4.723839
30.658517 5.394728
28.144529 5.171000
34.378200 -0.983447
32.771025 3.029422
28.503058 4.272164
24.898375 1.877544
28.709100 5.444686
21.105504 2.076747
20.488554 5.355486
25.568912 1.520536
16.581775 5.511594
27.442600 4.978900
32.774658 2.665850
30.858217 4.641772
31.550529 1.008933
30.721883 5.279619
30.082275 5.575011
27.641154 3.050558
29.428350 -0.277011
19.504888 5.490394
35.647838 0.342431
25.284854 2.632283
26.592883 2.317631
21.650342 -0.774633
21.860813 2.792803
19.832113 1.621042
13.969958 4.723322
32.128946 2.886597
34.535337 4.935353
35.260654 2.931619
20.764167 -0.270083
26.616771 4.877569
28.594312 4.103106
18.442483 4.509017
19.765663 2.911236
27.871554 -0.092183
35.982992 0.711111
27.211796 5.351308
28.030833 0.964119
22.795317 5.440039
20.779187 3.801586
23.507467 -1.139664
31.313863 3.781539
21.888629 0.354539
18.774538 2.281431
22.114933 5.169519
25.548112 1.275925
26.355675 4.102947
27.284546 5.423300
29.860862 0.224800
32.917958 0.695217
33.144537 -0.327008
37.575225 3.451933
25.955554 4.337656
33.361254 4.067589
25.946521 4.655822
24.737142 -0.282631
20.863504 5.655103
29.579779 1.797511
21.041533 3.060833
26.222525 6.228906
36.036508 2.891114
14.443333 3.184983
21.130337 3.991897
35.071438 4.571497
34.660996 0.691892
31.319138 5.079050
29.339762 3.616869
16.410921 2.001914
26.036838 1.865183
36.102175 1.809672
27.297192 5.357203
34.917204 3.276031
16.557200 2.932653
36.365146 3.241842
26.697446 4.534964
25.929783 5.106408
27.047763 4.577383
20.731033 3.999547
25.751429 5.196944
33.296617 -0.060097
28.298500 1.055061
34.669158 -0.594881
35.078583 0.383253
20.738579 4.795542
27.582329 0.524914
18.959875 3.157733
20.101946 3.709714
29.831788 3.264856
24.724950 5.437761
31.591829 3.780678
26.561942 4.605792
30.903421 4.305925
2.586354 5.238758
20.559042 4.364875
34.802675 2.511256
34.800833 4.847314
22.294600 4.974486
23.365675 -0.988958
14.337358 -0.320161
21.037925 3.263433
27.377250 0.354972
19.138429 -0.819283
34.277883 3.538158
24.808217 4.822233
26.746383 4.536269
3.311850 2.749767
23.284813 1.325019
23.681463 1.447906
36.450129 2.130308
29.898833 0.525783
28.216417 1.098978
16.712408 2.341072
21.996446 5.184258
26.639258 4.575214
34.211571 5.614342
15.260496 1.168131
29.429612 -0.355775
15.673542 1.874219
15.351204 2.009344
15.393612 1.730989
15.066521 2.248928
14.765038 1.427719
28.199150 -0.250136
15.565196 3.667281
28.930412 -0.758678
24.747146 4.990650
35.958971 5.325672
37.451683 4.376031
37.828238 -0.439514
20.507046 1.181367
14.529875 1.875622
15.073375 2.530614
15.482108 3.202544
26.271229 5.483439
25.768667 4.414342
29.731192 -0.214928
14.806142 2.397369
14.903537 3.210742
27.584854 -0.554056
17.512183 2.845675
17.976767 1.350658
24.877600 5.443131
30.599608 6.128547
35.824562 4.635317
33.829796 2.329603
36.489496 0.646769
31.438096 0.399394
36.539017 5.746536
36.401046 5.548033
28.985683 5.784706
37.121667 4.363000
26.057867 4.359047
36.695292 2.129675
29.132221 0.967258
20.422213 1.698667
35.850771 6.143544
30.899950 1.845453
15.623988 3.919367
22.333365 6.654480
28.105438 6.393411
37.190137 4.751619
30.537987 6.217267
35.652867 5.860072
33.090842 -0.201306
36.528029 3.923978
34.931004 5.380531
37.204008 -0.155294
34.399862 3.953278
24.675142 2.141483
26.458004 5.610314
33.182225 3.124194
30.540879 -0.230828
30.547725 4.343778
28.380429 -1.104742
23.803246 1.769247
30.763325 3.759208
37.288767 -0.017786
34.092621 0.938078
24.624400 0.368589
30.597492 1.847639
33.229458 2.249950
30.106583 5.491250
34.457696 3.429836
15.552146 5.856825
17.193996 5.379036
23.781354 4.870789
25.773138 4.406022
17.289733 5.162483
28.433425 -0.414031
59.495115 18.870820
36.496079 6.074556
33.664467 6.357003
46.15383 16.93947
35.7033 2.056694
37.289967 4.877031
37.111496 4.009711
18.04367 -0.48633
42.058733 3.305370
35.375717 5.329900
61.248390 20.437270
58.680454 39.174091
34.483821 1.346031
37.310217 4.067381
32.801558 23.461058
51.173985 19.654190
23.064567 4.152389
37.549733 6.094864
58.934089 -10.621437
26.698512 -1.093931
44.760060 4.745940
66.891870 19.937485
65.064375 21.307880
19.124517 5.528397
35.546325 3.047603
36.172679 2.099700
17.957913 3.951475
25.221137 4.506933
16.631863 5.180186
24.881229 1.906758
35.459092 2.945472
17.101479 5.357131
24.845446 2.959456
18.315829 4.081256
37.027475 0.459117
36.554308 1.501253
64.802520 3.483330
27.094633 5.228794
35.7742 5.116319
42.130275 6.285410
38.56771 0.61656
35.754467 5.273508
36.334067 6.302331
43.439880 4.382850
49.713990 24.641450
34.323735 29.903114
76.390905 17.390620
36.944329 5.834286
36.601917 1.872294
27.291435 10.710200
66.631395 7.369570
73.890525 7.788690
21.135887 3.920658
164.817667 0.486328
169.253454 3.635022
200.753731 1.824371
162.609575 3.597531
175.919213 2.854042
163.704367 4.334236
161.673025 1.566928
164.802058 3.492558
209.405267 1.741094
200.080925 2.650142
203.932342 -1.821717
215.935575 -0.986497
205.744521 1.461958
213.133154 1.615406
209.989037 1.666328
209.324554 -1.351078
210.163696 3.097331
208.467742 -0.571436
210.656071 5.097889
163.671015 26.796420
32.077046 1.618122
18.694729 2.723767
30.187771 2.554294
23.278821 -0.253800
18.750612 1.883531
17.820042 4.729167
17.196783 1.919756
24.598463 0.073294
23.878438 1.192006
18.260279 2.984675
20.119687 0.215092
20.160842 2.734342
358.184671 6.144364
23.058087 4.609786
15.582813 5.846406
26.511888 4.184697
16.307321 -0.981978
23.908629 4.455808
23.478417 -1.189594
17.085771 2.966944
20.462833 4.292950
17.922396 0.513961
26.338183 4.204156
22.704800 4.409247
28.382013 1.609722
23.292029 3.917950
31.177717 5.415461
15.076321 3.862833
32.696175 3.177839
35.519421 2.896775
23.732604 2.813950
18.150825 3.965325
32.396542 5.515536
15.014958 3.957131
28.316450 2.282861
35.909667 4.098983
4.122795 5.616010
15.018042 5.586447
26.087108 0.605383
22.430683 4.490272
24.080354 2.881328
20.980425 4.418539
19.493121 2.767758
18.286738 3.631306
25.030150 0.089025
16.975442 5.101019
14.493237 4.901419
29.943371 2.979625
23.424954 1.699467
34.977242 0.239792
30.931412 1.586211
25.343996 0.681033
36.190742 3.014144
36.410008 0.308875
23.545058 1.604881
27.399446 3.105236
31.033321 0.022828
23.298104 1.109836
19.652200 2.128044
33.055192 -0.476289
19.665625 2.191264
24.029283 5.302811
27.261488 4.555019
25.023600 2.219506
26.659375 5.620333
20.413304 4.039250
26.059687 2.149014
22.982796 1.592622
0.716917 4.607297
27.807617 3.700208
19.089142 0.781342
18.305242 5.025389
17.751979 -0.806194
16.916817 4.370033
32.153083 3.462086
20.022979 4.563639
4.132983 2.682519
26.415192 3.943294
16.117154 -0.529269
32.053429 4.654364
355.197438 5.702553
3.710642 3.682767
2.366679 2.587067
342.302158 1.796931
24.521025 2.509356
351.955837 5.277850
1.680729 1.661367
22.077858 4.989567
24.953646 4.485975
27.457583 2.895172
29.194483 4.677053
31.839363 -1.077725
30.464733 0.903136
30.489754 4.094272
33.701379 3.994333
36.880267 3.978411
15.007342 1.469961
28.580758 0.291069
37.267221 2.188303
28.430108 3.800939
16.133488 2.550081
35.429929 -0.561008
16.746167 -0.043436
36.835471 -0.197875
28.669721 -0.418319
0.618442 6.200425
26.749704 5.148578
17.954158 4.377356
26.060208 4.839069
27.748271 0.052325
22.50808 5.30919
26.107458 1.167667
26.235346 3.834017
16.507333 2.187958
20.808267 3.661528
18.653283 5.715356
25.740717 5.766842
35.362458 4.837150
27.939513 -0.110597
25.071787 4.420783
25.787067 6.323331
37.013392 3.465544
28.995521 0.192567
14.511808 1.947119
14.470604 1.563697
24.749462 2.781381
15.066712 3.288581
15.778558 3.024208
23.271663 1.206736
25.653129 3.728397
28.350992 -0.207147
22.079617 2.549833
26.098413 4.415531
22.083125 -0.336289
24.795892 2.981114
28.135042 -0.545928
26.019613 4.737842
24.774842 2.139814
16.588279 2.946886
22.103475 2.695306
14.671404 2.357169
27.869200 0.546097
36.749458 1.927492
28.318154 -0.294003
28.406917 -0.097553
349.949925 5.835706
31.386421 1.146161
18.482988 0.639428
26.186612 6.172511
29.329171 0.098864
25.954625 3.924283
14.857367 3.408683
17.626088 3.884961
15.432258 2.303769
36.305171 2.483811
19.356396 4.601172
35.893525 4.102883
30.018792 -0.171944
24.932092 4.577403
35.611913 2.040861
28.815179 0.247522
26.350504 5.882886
15.358092 1.673753
33.727042 3.837706
22.100671 4.793928
22.535925 4.924231
24.617658 4.710878
35.350579 4.781833
18.875667 -0.536394
20.899896 5.819111
19.350904 5.523061
15.807004 3.458669
14.404846 2.658819
15.146138 3.690706
20.680100 -0.472983
26.858754 5.505011
16.523925 1.973286
19.316796 -0.008533
15.318633 3.218047
24.803717 -0.409250
26.305904 5.550053
36.739804 3.668131
27.554583 4.641578
54.605312 15.619255
20.629993 8.801957
28.386104 -0.401422
20.313008 -0.057889
25.895721 3.849011
25.666300 5.217142
26.906958 4.590372
16.778546 5.322614
15.738088 3.718264
16.055579 1.711750
16.762033 4.820217
37.624625 3.352681
25.740021 6.333978
14.575754 2.086564
359.985450 5.014261
15.011329 3.846403
14.662617 1.551194
14.308196 2.063400
35.670775 4.728778
16.823692 0.080236
36.920092 5.788986
19.560008 5.025506
19.512963 5.030167
15.413412 1.339458
25.781242 4.595589
23.264696 1.215444
42.706635 5.216340
43.572270 4.970280
37.408212 6.040431
42.913635 6.038630
31.371283 1.195311
36.306471 4.371175
46.222275 20.540070
344.561655 -6.206080
349.564946 0.012253
42.007911 19.421788
35.186048 23.144035
35.889517 6.881491
29.506339 22.339636
28.067428 10.520487
29.147609 13.042834
29.177040 22.972670
2.307954 2.647150
2.207625 2.546433
66.178605 19.959330
55.736701 14.794471
55.479813 11.330206
349.062717 1.558622
63.727455 9.823940
48.308955 20.844270
62.144400 28.169540
73.017435 3.366890
17.772996 5.902489
24.27396 6.04639
33.796258 -0.761361
24.057704 5.816847
23.570837 0.259839
23.430400 0.524575
23.689046 -0.734831
23.423342 1.210764
22.070058 -0.086767
33.767879 3.974706
30.076571 -0.663400
44.386935 7.419980
43.292115 6.524020
42.936900 6.054260
59.610660 20.250090
24.415700 3.250469
23.650225 -0.346314
26.184825 5.315733
37.145550 4.519078
35.798488 5.238214
24.432429 4.823308
37.467987 2.305883
36.212854 6.163106
37.731717 5.450953
33.070254 5.164
21.983910 -1.706000
70.955512 31.454216
35.29535 5.023203
36.884921 5.636531
36.668421 5.487119
35.482475 5.524056
35.998625 5.014567
33.891879 3.928994
61.245855 23.150140
59.824071 14.213740
52.940085 19.558610
27.959535 20.957110
30.472299 31.316526
64.829760 22.123480
67.711846 9.495078
68.166225 25.648420
42.750525 5.438510
31.729458 0.960567
42.950145 4.435590
44.939355 7.129070
59.079705 18.787790
67.512405 28.613460
69.235320 25.989290
23.410558 5.068428
60.906885 20.038580
24.165225 2.246494
25.389937 -0.244742
38.64721 21.41464
36.016825 4.196778
28.921005 0.349710
35.781992 5.656008
37.453804 5.180111
37.179983 5.559961
66.357420 28.281140
35.522167 5.516097
47.847795 18.269170
72.214815 0.721170
63.033225 22.642170
36.379146 6.041642
36.742625 4.835986
35.742488 4.792894
79.027815 11.558780
67.228360 20.547282
63.300000 21.916420
67.118235 7.372750
68.745105 7.511750
23.105520 6.624230
62.115737 29.264850
64.669005 26.172110
