# Weather stations (longitude, latitude, size, avg_temp_celsius)
-74.0060 40.7128 1.0 12.5
-118.2437 34.0522 1.0 18.6
-87.6298 41.8781 1.0 10.3
0.1278 51.5074 1.0 11.0
2.3522 48.8566 1.0 12.5
13.4050 52.5200 1.0 9.9
139.6503 35.6762 1.0 16.3
116.4074 39.9042 1.0 12.9
121.4737 31.2304 1.0 17.0
77.2090 28.6139 1.0 25.0
72.8777 19.0760 1.0 27.2
-43.1729 -22.9068 1.0 24.0
-58.3816 -34.6037 1.0 18.5
151.2093 -33.8688 1.0 18.8
174.7633 -36.8485 1.0 15.2
-99.1332 19.4326 1.0 17.5
18.4241 -33.9249 1.0 16.5
31.2357 30.0444 1.0 21.8
37.6173 55.7558 1.0 5.8
-156.4700 20.8900 1.0 25.0
-157.8583 21.3099 1.0 25.6
1.5518 42.5063 1.0 13.2
-149.9003 61.2181 1.0 2.3
-0.1257 51.5085 1.0 11.5
