86.34535	23.88464
90.27334	30.32841
163.16635	7.86997
234.65988	31.15898
231.90957	19.92559
196.222	-26.71712
319.06002	-16.89545
323.97478	-8.7896
278.56538	17.87175
65.73674	6.73271
41.26507	5.96159
85.23527	63.08711
131.20013	11.60164
242.85521	69.32075
128.16351	8.959
259.39337	19.37455
304.10249	-29.58628
68.34184	4.12113
11.26279	61.95806
105.0396	11.11195
311.02732	16.13805
82.31134	11.89849
186.54621	17.21461
192.98968	12.47736
16.02405	-11.07991
259.51093	8.86313
252.25351	5.60515
306.18242	12.93503
317.96737	-12.66151
151.10651	12.62356
206.05001	45.51057
231.60353	-10.54577
35.57865	14.83936
76.02766	34.22727
162.3519	-0.6223
189.32208	-8.5343
337.11044	-8.43595
25.26592	-40.08382
42.51214	-13.82734
85.38339	-12.87162
7.93	22.4212
222.6339	20.38199
356.32508	-0.89717
253.9585	10.61629
84.40014	22.48013
213.87166	57.30759
219.65719	71.13656
83.4949	-31.03819
81.91665	26.16787
242.11311	-13.00541
213.64251	0.39351
328.0167	-52.06642
217.68235	37.48351
163.89026	30.38429
352.51151	34.45792
24.95105	9.25051
176.84372	-39.74372
246.43223	2.21508
270.85792	-4.82885
6.71819	21.92692
63.93977	10.11954
90.64525	25.22233
185.50736	8.84251
74.78147	16.87413
96.23091	0.08869
333.04677	-0.95564
243.67319	-18.56433
320.55537	-10.20807
80.59315	6.84522
284.49599	35.98606
12.66227	-21.52085
145.53747	4.96176
167.72958	14.02932
246.2244	17.09837
160.44484	38.43386
153.60284	-37.89114
203.00748	-30.28769
178.21608	23.45165
170.62326	38.95771
143.49049	30.39765
21.52704	26.82576
116.62037	38.21621
25.18882	15.10545
305.1076	-24.41581
232.82071	-18.0885
153.28819	23.11512
167.7864	2.07738
8.59285	8.94879
9.52072	45.62245
192.32051	29.44839
145.9442	4.53046
243.18811	13.33509
0.61164	11.47335
277.73144	52.3062
111.61615	23.27619
328.37502	-7.36741
314.42442	12.8728
30.99135	-18.66569
199.11781	67.33283
82.39325	71.39295
208.66583	-12.33542
238.86136	-1.44418
345.25518	-12.21145
4.82679	-4.61201
66.03227	21.18307
128.48531	6.16714
176.98155	15.63805
251.6375	5.92415
276.66704	-0.6956
273.83055	-16.86719
89.40238	-16.68849
109.72881	-6.76667
213.09635	-8.31461
267.17733	56.69726
45.80833	-16.85174
261.69351	9.3534
43.19241	-15.32328
163.62756	23.22207
141.60729	13.79759
260.85998	59.63621
235.54005	-21.2916
13.79959	-4.61308
133.58437	15.73697
107.20633	40.96664
332.51122	-7.25113
168.839	12.61512
235.60062	0.56908
357.58534	-10.91397
51.85938	16.17198
249.86208	-12.35842
234.33961	13.71708
307.35379	-27.88576
14.802	11.79985
325.0468	-4.28294
93.32309	37.67232
164.09869	-6.76128
106.01336	70.87939
347.65266	18.25388
356.79869	30.67242
23.51431	36.10541
136.90727	21.37426
230.34244	-17.85274
7.09076	29.01251
279.86079	-60.28687
227.21831	-6.79984
60.57334	12.52314
271.59914	47.43046
152.20327	7.56588
279.64082	-45.64451
195.36782	36.51347
213.34027	15.52072
159.79069	39.89892
22.1185	23.63206
89.13973	66.82375
76.64353	6.32243
101.90494	41.25614
127.68457	-37.18
340.53547	-24.78634
268.14983	24.13401
91.12206	1.02007
138.54272	9.52529
142.98837	14.18616
267.65157	4.48495
164.18593	7.18311
152.39217	71.31906
166.1391	4.7738
190.58088	41.17067
234.7516	-8.72109
232.4988	29.57793
235.3192	-23.7197
244.81087	-5.32162
351.81629	-0.24688
17.52142	0.2175
28.42928	12.57383
337.5032	15.43695
141.96071	36.26635
98.28877	-8.92834
83.59033	5.49351
149.21154	22.84406
146.1934	0.5909
229.57852	-4.70413
27.16601	15.9647
168.60387	15.09263
358.65893	50.18791
26.54123	38.45485
203.24261	1.73777
55.71054	19.09165
257.46463	23.14676
266.59563	36.48272
50.61371	48.64688
153.45293	25.71548
307.96232	-13.08626
59.42044	19.46344
352.00906	-23.22414
64.88386	38.85519
260.12304	31.66435
228.83726	6.74144
272.85717	25.12915
312.1925	-38.0526
266.97872	60.88063
3.9248	29.64114
108.67753	25.62518
164.86796	-7.06915
53.10625	45.87257
301.86127	-4.30347
109.99574	27.25188
181.09446	-20.04144
71.69292	-37.50198
234.06728	-11.71625
245.28014	24.38053
199.71012	-9.52342
262.09502	-2.5338
208.83487	-42.53695
257.31142	-4.02269
83.81581	-7.12483
45.23618	25.04429
123.5482	11.7949
162.74652	6.69749
156.67893	-16.27354
328.65564	16.04219
337.84575	-1.59926
46.66457	-0.83594
355.53914	36.28442
156.63502	11.19478
139.07381	42.85365
245.37098	-25.48175
351.32997	-24.59829
343.80011	23.19031
48.81839	18.55539
261.38133	10.65163
341.08247	-13.6538
193.42085	4.86342
231.70062	-40.79592
351.79553	-1.83914
247.73694	-11.74522
225.43357	-45.04509
265.06133	22.78184
264.42196	11.44322
10.16063	-13.65788
310.93504	-44.21848
4.3236	-32.44623
88.39366	23.66711
155.09405	-11.84594
225.79328	-6.18956
309.95108	5.09559
127.32326	27.04866
250.38713	-12.07783
142.60316	5.59626
192.02604	0.12464
159.47791	58.03382
187.21065	5.11926
169.76268	4.72579
40.34283	35.01388
139.73775	10.16541
264.98776	-6.20744
191.43493	-24.1176
338.2188	-6.40848
51.71548	41.78501
92.8604	-6.5997
233.07385	9.15754
276.0685	68.85184
7.11167	5.29387
19.45621	9.95194
321.05051	-25.81278
24.69488	14.32277
74.54299	30.51338
13.99349	7.28287
132.92093	32.71157
3.39202	23.11243
139.07289	9.82353
216.74517	10.7535
236.53696	13.20653
316.31306	-15.20756
13.26711	11.60139
14.97517	7.23275
350.98464	-22.20081
108.49298	24.90884
80.58829	23.28257
140.27166	37.51814
236.68202	19.33458
326.01539	28.56169
29.20503	11.06457
51.26638	-71.15879
106.21367	74.31688
113.29824	29.99006
217.96693	-7.42922
117.44964	21.74956
354.71542	12.74521
143.85511	33.16104
250.55386	-4.15507
311.6999	-23.21009
64.31416	29.42194
2.92001	-29.11026
4.20464	2.42989
30.52365	39.27149
73.22771	-9.748
247.0583	20.80973
176.47718	13.94546
118.75758	27.07946
141.70665	2.86691
341.48943	-57.40114
189.95299	-5.67185
273.1936	-58.27499
351.92359	-3.86889
333.85999	22.55491
193.17523	45.23404
20.2606	30.08868
349.3626	5.90453
301.45842	-61.16405
332.85063	-32.60391
25.09985	30.57183
238.77797	26.0064
323.16344	17.60739
7.20155	-24.27984
300.21837	-15.66997
166.16387	30.76695
144.74432	-23.44916
19.50262	-6.76008
337.08448	-10.40633
198.57122	-18.47206
78.10244	4.18358
210.08983	31.51302
250.59902	23.4543
163.35466	10.28368
239.60953	27.08918
49.32202	58.21541
181.29423	6.90265
183.14594	-30.90527
163.68986	-11.471
248.76119	74.07703
134.6651	8.44205
180.65317	-21.1109
43.75059	15.01786
276.75612	36.79348
331.85861	22.04532
226.46136	-4.90039
61.6202	23.89002
335.28317	-18.42992
340.91042	8.74359
357.77771	33.04999
198.00864	73.58913
197.55761	-7.40556
207.44921	-28.43755
149.88765	33.11175
107.50085	29.65302
198.73746	22.71625
248.5256	-23.06167
303.75993	68.31333
35.45429	13.57872
131.74899	59.29715
82.72885	5.05831
80.80711	15.12206
256.36535	-15.26393
261.76187	26.47336
148.69449	3.63981
11.3983	-15.36871
349.10326	16.52385
264.49385	23.4728
60.89536	27.91949
260.75171	51.25579
15.90425	-9.03272
67.53525	10.93917
171.32322	-9.29227
194.85006	0.20036
10.53745	11.783
40.99529	-15.7879
4.57052	64.21654
31.19287	46.158
71.37843	26.41856
27.416	29.5396
64.12132	25.58964
98.47292	22.2017
220.75668	36.83441
307.60859	1.98163
339.64513	20.47882
359.34464	-18.22706
41.57499	9.33719
56.4731	11.87697
350.51406	-2.19115
15.07759	35.14309
230.61212	-13.13552
127.88294	15.93671
242.97112	-5.70122
152.25202	-21.1783
172.28587	22.143
302.65996	-11.14532
111.50184	20.63468
317.35834	22.82434
341.12898	-4.66093
147.8262	5.89859
118.13961	20.95047
157.90699	23.75892
41.11974	9.36065
88.6265	-20.06656
65.61717	18.3799
230.45522	22.33724
60.89437	31.09788
310.00595	-37.37765
54.37684	30.44916
88.36826	21.6566
148.10732	22.04637
71.17366	31.25673
219.89197	-9.99514
30.35384	15.73599
134.992	25.9579
220.46381	-8.2331
57.86111	42.16534
69.07791	-23.34826
199.0262	9.28022
1.30341	3.16959
55.27984	5.3496
293.33196	-28.85109
356.96705	-6.43982
163.03534	-22.51767
348.54072	5.14596
225.0017	-40.85316
58.01993	12.43195
56.63983	8.35839
111.94525	26.52785
89.35036	-45.99377
193.76369	18.64947
168.93993	3.55333
165.24003	14.45202
209.49279	-10.41202
295.40621	-18.80954
107.8634	40.36774
132.67172	37.13326
35.69407	39.17727
124.55034	25.35541
91.9828	-71.05284
159.4815	16.744
298.3711	-29.7252
143.31877	5.47902
100.73941	39.22159
231.58338	-21.86117
8.40775	0.89901
56.1984	41.49208
137.71965	51.35205
185.64497	-1.24567
165.10935	52.54529
197.82851	28.69021
287.47764	59.75066
338.2325	-21.17578
9.60959	37.77324
326.63845	-70.91766
27.06775	21.20212
103.47804	37.89332
256.31859	10.89005
45.94526	31.41026
119.38033	21.36842
177.97648	-8.2855
254.748	-11.68716
42.33672	15.07435
332.5754	-4.33114
52.59564	19.50461
115.98098	48.34323
113.53254	24.23321
133.06564	47.02933
104.65988	20.91079
226.62166	24.10116
170.72297	6.04204
151.86971	20.6148
262.67135	6.24152
218.67019	19.21319
220.74095	61.79427
298.62735	-17.84017
335.1383	-16.05756
288.15394	16.31516
327.17554	-18.37067
95.59619	2.00079
349.96435	22.81021
339.13341	-4.25791
163.79043	-0.75693
98.4675	73.50925
210.8138	-9.11745
201.59473	-16.83325
304.49405	-4.21966
349.24761	-23.73406
45.44278	9.05804
98.14055	23.16684
80.66544	22.67601
344.85031	24.09829
100.09801	-1.84344
121.4562	0.91638
171.05263	13.73404
239.63308	-26.9547
264.34723	33.38635
29.03729	1.36131
38.05132	13.00504
155.42852	11.22495
167.06614	15.11499
144.08336	23.50584
151.3151	37.77488
60.91013	-28.49726
246.45306	17.67267
105.41053	20.96724
245.67158	-16.44499
309.48825	1.54701
351.89874	-64.17269
28.23114	32.56779
330.93385	-84.38903
340.77554	-18.3518
323.93983	-15.94275
131.5734	24.47929
121.31271	18.30713
59.4154	5.25175
119.60366	39.94149
136.76027	17.2884
302.64145	-4.26419
15.97001	-20.43876
181.49263	1.57392
298.6767	-16.80996
189.79102	8.95298
181.9452	37.27658
168.75537	-2.49894
309.33	31.61466
39.09266	12.78171
17.16954	2.27159
54.77658	27.77411
33.17105	23.78947
128.32555	24.65556
160.19776	36.60816
138.69215	15.46154
63.40114	-48.36546
183.15736	10.57873
216.11642	-30.62375
11.51366	5.84968
351.82312	-9.50316
7.60972	24.3024
157.16423	45.59433
126.73226	24.75828
181.48848	-2.69385
270.32463	38.65255
298.81346	-44.32002
315.62881	-1.71379
1.82619	22.2046
145.94078	29.51698
192.90839	-29.05329
199.17116	-9.00022
193.36884	0.47086
319.28806	-10.38549
271.83243	27.89934
66.16749	3.00919
174.71773	2.0126
19.2372	13.47505
183.15854	11.42931
200.2743	-19.92037
191.63355	10.31451
232.133	16.12471
185.01641	29.67116
79.18318	-22.47457
333.25531	-2.58714
324.09391	-37.14645
38.82238	10.44496
111.32212	10.8154
195.05502	-4.28068
162.89665	33.41543
336.33267	-9.53666
354.63172	-17.63522
46.44401	45.48546
340.67672	0.41568
35.60905	-40.99643
46.8125	-30.0924
122.15909	11.50292
246.82767	-21.72748
29.64676	8.28516
169.74216	-1.049
239.51666	-22.21993
355.81564	29.12886
53.84355	-17.35329
327.09691	14.21612
36.86564	50.70472
202.01269	51.18533
42.5706	24.71363
126.32217	24.01151
202.28032	-41.70038
121.96509	38.43684
22.59961	-64.28266
352.81995	-4.03898
17.33263	39.35248
16.58626	-12.83874
349.87574	13.19461
177.68975	40.88612
69.78458	38.24871
67.0375	-12.99769
263.40196	3.54845
255.00791	-57.12855
120.9182	17.51018
332.21339	-12.51153
314.97879	-7.49097
119.43278	20.35602
120.1801	20.01438
44.09963	15.15312
228.57361	13.36639
228.43405	34.54027
206.7419	-0.88182
338.52093	-3.42259
330.95224	-2.19981
72.66213	17.66395
203.48588	-4.82285
193.29963	3.53523
1.26911	-1.55781
64.13192	-7.58741
3.99634	-3.43332
118.65518	70.28457
353.81004	1.11977
151.41826	36.01744
133.74027	-3.84436
166.9134	16.84685
315.92766	-23.62159
39.04689	22.98466
350.74658	31.39192
351.27383	-3.96864
83.90772	54.20407
290.47114	70.68811
16.56039	22.66714
45.77191	26.67048
115.92372	16.60068
53.80823	14.24788
313.75159	3.88478
313.1431	-16.71102
56.25228	20.47076
44.42359	43.04038
53.95317	53.73783
227.41443	60.79945
212.5898	37.75255
208.32582	68.92399
265.42696	31.63704
258.68871	36.03693
231.48805	-5.43805
102.13793	39.17213
75.9796	-23.22142
164.12199	1.17001
278.08856	48.15322
296.71601	-46.47583
30.04374	13.69602
356.81289	7.78845
356.56676	-12.68036
96.85141	25.97133
342.68429	20.09036
61.2645	-30.32881
206.58832	16.00224
216.93231	-11.54457
83.47496	-16.59663
351.91857	-7.58316
9.16692	27.91393
310.9538	-19.56354
9.65768	1.74206
96.61071	31.07203
45.31289	36.34182
185.40074	-6.70356
156.86507	11.15482
160.99219	63.39019
174.38153	1.85083
193.57147	1.65378
224.67419	15.40806
70.03647	11.67635
52.45712	-46.1164
116.37932	27.11826
133.65379	63.42127
189.26131	-41.67229
253.85293	29.70828
62.27158	-6.07176
4.20198	-7.28333
139.38064	32.28642
229.7958	-25.38395
132.68562	1.4066
296.95485	-23.19187
220.19392	-10.74347
227.28354	-7.6836
305.13041	-38.80001
342.4118	-7.05262
92.86293	22.29515
56.58825	1.14311
2.36215	3.35476
178.85568	-32.91456
136.01066	39.56303
225.33105	26.44264
4.69952	3.86306
52.24479	17.03495
31.27238	43.36075
109.31341	56.21173
25.50771	16.96253
35.65611	-2.31468
185.16415	19.31256
227.22382	-14.95073
135.80209	29.45363
250.31852	29.86475
145.34289	-1.03867
323.76479	-6.51542
48.70365	-40.46786
127.9341	8.88969
145.21417	11.45674
293.0602	-25.44004
343.05702	-25.31108
355.67536	-4.06314
205.71034	-28.55919
349.93199	22.20053
291.98762	-35.01545
32.373	70.74186
180.27136	35.14311
177.28987	3.9463
133.30577	4.78025
232.81193	1.93396
228.29966	-24.20658
310.77069	2.25025
32.29443	-2.57701
88.04755	21.06616
68.54982	-20.5376
205.6211	-26.97497
195.26246	20.20587
214.51946	-19.44294
93.77752	48.01682
142.5305	41.04871
189.86935	42.77455
61.97961	37.16213
184.50194	34.45958
143.81339	47.24223
333.25928	-3.88103
209.76014	-48.045
3.35915	-29.60302
53.7041	9.62543
48.18717	15.60858
233.43767	-11.48487
317.59063	-5.47909
305.9577	-9.67967
207.20654	17.79893
282.20056	-15.69002
330.51297	-9.80029
23.71545	5.8809
40.73266	33.33789
181.37465	13.13957
209.14299	5.87058
195.87533	-8.53568
322.43043	-17.82922
316.34701	26.42662
285.14771	-4.22046
61.07235	12.65835
154.96986	-4.12021
222.73992	-6.62907
187.31586	4.45693
82.41076	3.75294
328.68858	7.45778
54.87125	-8.53209
345.67718	-9.88817
157.54378	72.91062
19.31614	2.18085
67.06461	0.39529
179.56962	35.90819
263.10482	56.259
238.1738	-4.62173
252.06699	-6.16038
230.34955	37.17212
33.39221	-9.20116
90.33595	21.44989
30.68281	-30.13297
128.28684	39.58637
140.22212	8.86153
258.21362	15.509
346.50644	15.21034
312.88124	38.21124
343.14307	25.14287
130.02745	7.16859
323.74831	26.23934
170.49098	-15.03429
122.40322	14.6554
326.8258	-0.73556
37.34898	29.26778
336.23796	-2.20378
7.6037	36.62142
146.76268	4.4085
160.75702	9.70789
166.19496	32.62803
82.82785	3.31212
64.66914	4.33836
104.50251	29.0855
70.84942	11.94382
342.24612	6.96283
200.41111	-25.42571
337.80871	-23.07575
74.14656	-54.43119
71.04911	32.91537
209.32769	35.74289
263.37433	23.32063
333.7976	15.40867
309.41139	-32.89791
350.61197	-6.5838
77.716	26.67919
11.66631	26.8313
149.00668	8.18589
21.80183	8.0871
68.38638	-54.46964
104.26174	28.02499
103.21722	49.38033
168.10069	0.90998
103.93821	25.38956
112.00239	21.3645
227.39992	-5.94463
186.68877	-42.39907
221.23305	30.50691
98.74271	40.08979
32.02107	5.62423
117.6392	17.12288
331.65556	26.00363
47.79335	20.40658
189.66236	-21.59593
8.39593	37.70545
119.40852	37.30047
189.03057	37.32341
322.37931	-0.61369
354.97856	20.36146
6.43837	0.53933
311.59433	-5.80818
113.77473	58.96361
181.22795	31.46585
250.06254	-4.73579
285.53664	-42.40674
354.16947	-30.28851
199.26558	-20.69006
179.74544	-24.55584
118.31156	-19.64041
227.63139	20.22245
283.66959	53.93471
108.42892	5.97844
141.71625	11.15618
257.35641	30.79467
216.12487	64.5142
338.65279	17.83024
11.84156	66.74872
344.48973	8.31607
354.07779	29.82235
94.70577	23.22654
327.20897	-46.29106
326.97834	-4.65229
123.9928	22.60922
104.29616	50.18028
60.72385	12.70742
57.71997	0.97305
241.15841	12.70767
103.82704	18.29569
125.75983	12.51263
161.28647	21.44637
33.84192	2.62333
65.17973	1.96953
21.42362	27.75626
211.14713	13.60231
294.19998	-36.07319
73.52564	1.96728
103.08153	33.82593
341.38917	-5.99105
293.19843	-12.54654
347.44308	16.93324
305.82216	-2.61369
308.96389	-33.25117
145.27965	1.26558
157.49054	-31.41591
210.50304	-5.04892
203.24569	5.06121
246.96458	-9.557
317.03765	-6.08576
185.26538	28.19217
138.25853	62.91776
164.25566	37.45933
143.68293	6.84288
194.86658	-7.14995
244.22016	-3.93674
65.99526	6.73793
304.90932	-5.56988
334.08511	14.96361
324.60997	-48.10562
342.28818	-43.55141
108.64641	27.25173
327.61951	-20.24242
33.61837	-2.00944
317.67128	-29.42137
88.06422	1.09007
242.05172	-24.09608
149.93103	18.13024
176.66579	-5.26834
236.30536	-30.46137
151.35161	-14.5068
210.84146	7.90907
188.9934	-18.01028
282.36741	13.80067
251.59866	-15.685
296.0283	-16.39645
164.39413	-5.93044
329.83141	-11.5153
46.30308	-5.2905
333.54044	-47.86056
143.21144	30.63729
26.01201	-59.37183
57.73841	1.12366
321.98855	-11.23056
37.36766	-9.1947
353.99017	17.37554
68.59043	30.18152
150.49956	11.73168
212.52563	-8.33671
114.92137	21.60661
64.20868	20.66581
73.78084	3.61579
88.12572	-23.22259
248.79221	6.2151
192.20769	3.74972
29.10198	-56.78837
261.49018	31.97608
101.99422	53.47252
240.27988	-24.53743
53.28286	3.95957
108.53321	26.38667
154.53401	9.43174
125.94298	22.57929
143.18451	8.70193
256.76371	5.44638
334.63444	-9.07373
354.61291	-9.89861
354.16403	32.93909
314.45912	-9.82343
49.83283	24.72728
45.97782	35.27307
116.52537	37.95922
211.21346	24.20864
199.3725	46.6655
358.37057	1.39259
9.68169	12.5042
78.67794	29.64663
56.01723	9.98564
81.81069	31.52837
233.59728	7.99408
317.15427	2.47556
179.87508	15.01647
234.111	70.31074
254.70869	-15.72839
247.72576	-8.18256
302.83063	-2.51699
240.50949	-5.18392
355.67329	-8.37189
112.56581	-41.67873
353.34438	31.88924
193.57073	-13.20319
345.752	-18.10935
134.59373	8.77019
100.79245	27.29787
61.75241	-10.65451
140.32989	-6.74571
182.69449	28.92006
21.87849	23.91087
99.49119	-17.59465
194.67291	-35.19852
355.6693	-15.26785
245.32282	-6.258
240.26088	25.66388
58.51013	31.69948
101.98906	25.48039
181.06402	9.61588
234.77504	16.96826
70.88355	-19.90169
279.45728	38.19287
111.57109	29.12423
182.42075	32.76792
23.95985	23.97723
61.30851	-15.71125
128.80462	32.47251
21.30795	14.81534
57.49012	26.3223
249.94865	15.80251
65.58963	-40.0977
358.17484	19.33545
328.44784	-5.70132
55.11704	-5.20089
63.56606	19.78997
258.1439	7.2868
199.608	14.40356
201.13411	-17.07065
277.75303	-54.17104
357.34678	-19.94025
171.48156	-8.47044
13.45755	53.12736
9.92904	2.39306
209.88768	-26.16132
160.00749	-18.22245
209.93599	-31.20045
258.44141	-77.5955
352.1746	6.61372
330.31415	19.94445
139.50379	25.5466
185.81413	-5.96758
247.47852	-24.72173
122.71836	49.82437
218.3175	19.27098
233.12379	2.86729
22.86296	14.04147
42.18711	-10.4823
144.32903	17.57928
151.93072	1.28773
194.17212	2.30757
192.04672	-3.95581
170.7903	40.08877
235.09694	16.91583
153.89069	-5.53686
357.56724	41.77312
17.19178	20.85511
58.96952	-20.36325
96.21792	-6.02821
207.39218	22.222
155.47957	12.27467
253.32887	50.43523
195.5103	1.02805
18.12242	-2.85534
9.67442	53.91992
17.94704	7.63356
97.82897	48.22604
208.20212	-12.21675
196.56356	-11.82126
134.55311	7.26401
191.24682	34.92707
40.71176	-10.92856
65.47818	14.91467
125.26225	3.29882
202.00611	-7.06893
346.93148	3.64403
0.70684	-1.11244
182.95876	-24.74434
95.1085	13.74067
311.87115	-20.70889
28.18477	25.38368
47.77544	13.10928
90.12482	-50.24749
118.06793	72.94877
177.91596	69.03753
203.0159	-1.09678
253.37074	1.53926
334.20119	-19.07522
79.63532	23.75466
117.20894	55.38572
146.7188	6.83496
56.43109	-17.12583
231.06024	-8.24216
329.83726	13.84917
324.11545	-32.97449
187.07784	-0.63598
329.17227	-12.2224
323.90145	10.53022
44.8451	28.97851
131.68908	24.6181
220.71979	-14.7263
245.67175	52.61009
138.22437	41.99206
234.70803	-3.28902
168.48118	-0.06981
123.98798	2.30284
196.50809	-9.19805
169.09447	-8.59145
317.31302	15.01939
168.94392	-33.26045
21.86425	5.07407
118.09145	11.01657
54.32982	20.91452
80.13434	86.9577
119.05474	17.94284
166.92749	31.3894
221.81525	27.56643
184.07149	40.49149
169.61335	4.9609
318.19804	-3.74216
252.33972	-7.67278
40.21195	19.61227
61.05532	6.94237
182.61175	14.35083
223.12494	-16.87115
264.15981	-49.91093
311.91663	-23.99162
30.16998	-18.40796
73.04005	16.23095
331.66048	-3.7332
142.65486	6.43065
81.43701	22.35943
181.927	-7.06047
220.7693	-13.77115
236.4712	61.27979
252.64238	-17.77153
311.63088	-14.96414
117.13349	6.39113
164.49818	8.13133
338.46805	4.16695
349.87391	4.43866
49.71091	59.51546
205.08617	-32.48639
263.11197	11.35026
61.81098	10.98473
119.93967	23.14456
128.91984	22.47069
108.1471	50.4817
131.83977	-47.83307
347.71137	-28.66912
49.80447	42.14013
167.99376	3.10035
25.75097	16.40384
153.65297	22.82138
106.10591	50.03023
189.5965	21.40352
125.09051	50.16493
352.89217	13.21273
63.15712	3.78775
340.54037	-57.05025
92.32774	-31.82366
136.41033	32.53414
249.02512	2.26699
71.07464	47.97556
177.56327	53.96926
130.89979	-48.4905
169.91017	25.55429
195.40124	-15.41151
195.56045	-17.43993
22.84941	15.1796
6.70169	-20.22725
128.97009	-5.49392
30.24047	-19.31356
54.76476	-30.47834
192.88689	70.43812
343.6023	-13.44626
358.76412	16.62464
321.55522	-6.36316
48.4709	13.33382
211.21646	-20.49184
46.7339	27.60586
65.34863	60.15298
30.57973	51.22702
120.48504	38.61446
169.40578	60.52308
107.05728	41.81322
121.09549	8.20686
5.28952	-9.27534
48.09209	10.98344
286.66308	-33.20667
85.37175	23.36561
33.79586	3.94389
203.37186	15.11862
137.5323	41.27841
154.01836	8.63478
137.87555	7.16338
143.91322	-12.70957
138.68548	-15.1518
155.87994	10.92369
181.69889	-8.53638
341.09608	-21.60468
125.54544	5.2684
211.95045	-13.95288
37.42422	-14.41272
341.94585	-27.143
53.87068	81.17909
84.94121	4.33759
179.44683	57.70013
212.35984	25.26969
335.54947	-20.78014
226.41771	11.40293
260.4104	-9.41641
353.34735	-3.55899
65.62988	14.5117
79.62398	16.02265
87.15782	9.01615
146.92467	30.33398
116.04336	26.72712
209.83484	-1.80243
320.98172	-3.18651
331.69971	-15.28171
353.22849	-0.12226
199.82924	4.88036
177.06856	-6.92449
249.09506	-15.86978
214.11746	-9.98663
324.99721	-43.68609
267.52606	22.86511
205.11614	11.49491
304.72864	-34.14848
12.41697	-8.39983
327.07234	-57.75182
353.41864	19.18025
125.75325	20.15353
45.43568	23.30096
206.15364	25.04822
242.71214	45.52028
153.23116	11.2791
201.26142	-5.73898
305.44776	7.59101
332.77684	-57.50233
76.57878	-22.28883
134.41616	26.87525
116.93813	42.81591
282.10708	28.64608
40.05379	12.78534
57.233	1.57558
20.04357	-20.99487
203.86495	19.47149
256.77929	-11.9225
98.51488	-57.62858
193.61016	34.38385
256.01153	43.78738
351.89398	31.40647
237.14609	12.69597
340.41643	-5.06423
336.23723	-6.95193
257.11303	19.63045
318.79147	-5.11294
131.12886	8.74987
20.38739	-48.78273
70.74475	26.01445
16.5702	6.75647
115.62685	2.47255
122.10266	46.37342
185.43586	-29.1752
248.88901	-8.14928
343.40118	-9.45606
345.04388	2.43713
36.49157	32.19115
134.26671	2.72246
300.2202	-55.68835
169.15527	-20.72479
347.25538	-5.86065
155.10811	64.17882
346.92735	74.59706
333.80153	5.11821
42.219	25.79116
32.8618	-7.00296
34.83237	29.34233
169.12456	7.17901
75.14664	25.51269
38.0713	7.20681
251.47141	32.0187
216.48078	-1.14129
180.97756	14.67899
237.73937	40.88968
341.22038	-0.28095
339.78812	-33.37371
59.86816	20.06004
29.47422	45.13143
35.44354	-14.32614
358.5601	-32.9787
156.39123	62.70076
136.08298	11.76269
212.50903	5.70422
153.00371	-1.67372
266.34845	-10.75342
117.32531	-26.86143
67.37226	22.56991
73.41593	-9.81185
213.13288	-15.24359
154.84652	51.31933
212.67265	-33.82975
249.61779	8.31251
5.26506	-11.43821
333.71672	19.71825
137.25842	15.76755
196.73551	-12.12649
176.78433	-38.28817
224.71822	24.46878
251.72783	-2.68294
306.93052	-7.28063
274.18189	59.53636
53.96533	-24.89232
71.59653	-17.15214
27.72159	25.4575
129.3927	6.79027
97.26096	56.9448
135.46637	-2.27477
172.44227	31.92658
128.44039	41.08357
142.47272	11.37707
105.76363	-1.09933
80.60206	51.73274
2.82926	27.62645
27.03476	23.8436
164.61455	1.65338
15.32186	3.62194
15.65481	41.97608
66.73346	-10.97846
270.7171	50.74302
228.77299	-27.86058
93.96238	-22.06295
195.28839	49.3881
257.87634	57.02707
248.72789	-37.35455
82.11258	48.53362
8.43876	-33.944
181.19329	-15.6303
11.78588	5.71032
18.40297	24.92546
63.34547	-42.67154
147.06475	62.1702
236.5736	-10.70777
132.82952	13.59952
240.17322	10.55847
208.27946	1.56454
225.5359	-22.93895
98.28094	-18.67706
350.8274	26.70995
63.69633	15.73659
337.45596	-1.21458
34.54989	9.80143
20.41515	15.09684
58.83144	13.09647
31.29222	19.36114
150.69966	21.83769
223.53571	16.25237
1.17151	26.79279
208.51154	12.38686
209.97942	-0.38329
76.39891	-10.03663
17.42522	-4.07592
137.51486	29.68365
22.78454	44.74465
152.26148	-17.46332
177.10366	5.73015
207.32055	-6.11899
220.21089	5.34821
331.5806	-2.95652
78.47475	19.27764
31.03246	15.15629
21.44072	47.03088
116.34891	31.54746
131.18853	27.13641
133.10346	4.082
190.01989	-11.59513
336.48001	21.03788
277.94411	37.3474
107.47509	16.695
86.14735	49.83986
122.82216	23.22645
49.24817	3.52065
116.83892	35.94345
96.55158	-4.77479
163.44978	20.31038
209.3184	9.06079
202.01824	23.52176
196.03915	11.03317
261.07956	42.96261
221.28716	11.50008
260.29975	18.46029
288.24551	-27.92261
359.64931	-2.85211
52.35063	-16.11956
337.44823	-20.45269
85.41267	-10.91799
75.31451	16.24662
180.09798	52.2113
92.30999	10.70606
196.18774	11.426
242.04168	-4.3618
76.47328	-33.03518
69.40623	-53.32014
306.64485	-17.45121
177.05407	7.77056
208.72508	49.93841
197.95697	-2.51447
308.5717	-28.16742
11.69312	2.8288
30.62337	-4.51274
52.17563	31.81619
47.65669	14.41011
25.52943	-2.57612
68.39434	-0.70687
87.37754	21.80585
184.20534	13.97937
186.4001	-1.69475
128.99653	23.51097
48.48849	18.1097
53.08956	16.45028
72.35088	9.23051
75.61706	20.29072
56.21537	-24.68714
210.90837	-7.57146
296.95215	-57.95563
233.58143	-17.75393
327.89928	4.86868
239.15671	-15.60163
48.60903	33.78835
4.77986	24.98353
349.44184	-46.60195
72.0168	29.58659
112.07487	28.1216
63.68024	20.55467
20.45588	9.96527
139.08024	57.89813
159.76498	-8.95542
76.23074	-34.18462
261.27816	34.79798
128.56659	-5.59686
191.11426	8.51507
227.80041	-18.09112
243.32717	3.12497
342.81286	8.16844
355.15116	36.63961
315.6004	-23.73694
348.02003	-19.12681
72.04425	26.6725
126.87945	50.49728
154.41	49.20006
202.31945	-4.16698
247.43711	-0.46779
240.67841	36.87764
347.82931	-25.33432
355.48588	2.94728
110.60726	38.31766
180.45087	-5.10358
225.22183	21.10012
338.36879	-72.32874
226.05888	32.20451
191.40364	-5.43211
11.31575	9.98213
316.80334	-44.89455
12.91186	-20.23947
123.61701	7.25876
136.73059	54.22993
81.24268	5.27439
131.90675	43.31018
241.95469	3.39475
303.08708	3.60305
13.77491	-37.68167
74.61499	29.89471
247.29046	34.86283
217.58343	-8.65296
256.07699	-6.38448
223.52695	-9.52156
323.44409	-41.10609
349.40191	12.50226
329.31316	-9.26711
145.8291	49.73377
276.47643	9.15767
141.75254	68.54106
340.70242	-34.03053
204.48289	18.85466
332.53861	-11.75778
41.77037	37.23485
357.04622	24.16569
9.11039	6.51487
352.36471	37.77365
202.13234	-28.36594
333.74104	-5.55344
297.92206	-38.70062
168.28458	16.78506
6.0123	0.81485
224.5337	-12.31952
344.42438	-19.91949
46.78699	19.75242
350.60233	-17.62621
11.86105	45.15667
95.24774	-29.85319
58.53025	-20.04759
37.27883	22.25739
236.54307	24.01741
347.65412	-26.6334
165.42333	47.69025
111.15967	34.94956
288.50219	75.38572
117.20558	26.64018
206.20085	66.08798
114.98444	-0.36644
234.17383	25.90765
307.3208	37.97421
291.78844	29.46592
123.7499	11.61483
44.23384	24.18923
181.14886	-0.69955
274.44108	-2.80036
196.28654	-13.42397
168.4049	-4.49191
218.64233	-5.54173
340.5756	13.71901
133.99192	-6.71648
24.86352	11.17635
291.06052	-11.17926
206.94245	5.08247
219.50999	13.48803
274.94783	1.53978
44.90204	17.55975
82.29244	24.69755
107.55356	3.02122
150.65343	1.60049
334.75577	11.20068
64.35206	63.19979
137.6692	16.27724
333.02014	-21.00308
87.05339	20.46866
86.27791	32.35626
322.88955	-6.39212
14.75037	2.22318
169.78199	34.26582
6.36321	47.5646
199.12298	-21.58139
233.58723	-12.84385
345.70437	-6.17614
320.80402	58.84138
261.96587	38.5988
231.75321	40.83602
124.00197	41.60473
123.94649	21.40805
235.33609	17.86684
306.26011	-9.93249
14.84362	35.97161
352.91232	-52.37885
24.87979	11.54168
72.03794	-27.05995
27.42607	71.84485
198.20999	56.70922
127.18156	22.52539
189.67442	10.76144
237.05784	5.24014
322.12601	-36.19858
339.31297	8.87748
341.18695	-44.93006
14.62433	-10.78315
80.83407	-2.08233
46.2779	7.05776
39.41553	11.93432
128.06577	14.33976
147.50322	29.86746
146.365	4.74138
132.70113	9.6135
79.52698	14.64169
111.46109	26.51738
242.05546	0.21806
1.55684	3.41836
126.69408	33.49734
63.16972	-0.03214
358.59057	41.69683
51.73339	28.33823
147.30505	7.55981
224.37506	36.11671
345.13792	-7.23035
43.36641	12.34146
200.18526	16.07114
167.10201	9.81046
155.05071	11.13076
49.62263	5.70987
0.95714	-36.75237
162.9166	17.26012
56.45651	6.00013
193.00551	-3.88169
200.76893	13.52251
200.92133	36.30918
221.36997	51.21205
36.34413	5.20597
338.04162	12.07602
59.83254	20.75497
46.81235	37.39224
76.48206	-41.15063
163.96353	14.46477
158.19209	10.98042
106.18834	57.72499
246.92482	-11.79479
36.55518	-45.71784
147.70911	28.74114
194.6153	-15.6025
272.05682	28.64195
133.72388	55.4674
177.83252	-10.68884
149.24614	61.63159
150.33427	-13.75464
118.82411	37.20286
271.59386	4.03144
272.22342	50.01679
300.89239	27.52008
19.17726	-16.94006
70.66099	-26.13594
181.69139	10.047
226.24433	-2.81863
224.18941	-2.46775
329.20686	-0.50343
40.30045	11.69401
293.78203	62.33015
104.14732	31.15274
25.21534	72.15009
125.97264	22.71111
83.18812	25.10692
91.01266	21.96406
255.49483	-14.96489
306.7333	-27.34193
5.94764	31.51622
344.96646	-12.01769
209.29705	-7.09628
207.10739	14.46956
203.10605	-1.05939
112.75537	21.04853
13.50414	42.22834
37.93885	19.98375
58.18685	7.05897
57.73098	35.41081
203.18741	-9.13304
89.57972	-5.20707
228.89396	-4.74071
223.26569	-14.49712
309.52772	-44.52835
270.79308	36.37508
255.67338	-39.62145
40.60348	-2.70009
356.85972	-12.3779
147.15575	49.74158
70.84847	18.31395
66.29899	-19.42367
225.32285	-3.55015
248.0765	33.80772
60.88254	-26.37314
98.9814	28.92805
303.30187	-1.51538
104.75663	64.14262
109.49096	29.20634
176.81999	17.56041
222.20448	-13.16771
221.32139	15.72038
17.1125	16.35033
155.3461	5.80149
108.81367	24.68654
132.11846	6.78959
213.16646	-11.77324
215.06714	4.67044
18.28035	33.97626
119.38301	54.6901
329.34556	-10.36019
171.52618	-11.0257
182.70178	40.59283
124.96558	-6.4727
91.82896	2.89336
208.26907	-29.90399
259.50248	67.77753
338.83165	9.862
5.06668	-35.56195
247.06101	-6.92609
322.20634	-49.88611
317.216	20.97395
306.27958	-15.49882
205.48449	60.74017
309.34365	10.01069
12.43904	19.32085
146.55092	-10.29195
168.90911	22.67543
354.51305	27.46327
27.5348	13.40384
214.98288	-7.7649
245.72302	-7.74372
176.04868	5.65073
160.9396	6.96152
190.90198	-14.85489
343.22817	20.86694
73.80419	-9.51044
42.75016	11.76131
62.42621	38.25042
157.476	6.89648
354.74479	-1.96066
129.63294	20.07364
136.88063	42.85569
8.06942	33.11014
345.23137	-3.48168
100.8713	49.88712
128.48165	14.88662
122.4906	17.21329
101.43998	42.28309
231.48069	-11.98007
303.75094	-29.89003
278.4714	-7.23126
14.72644	23.28874
5.31382	15.61879
63.25546	24.11
207.14913	19.42773
133.69945	11.67071
304.79609	-5.54673
349.51042	20.03429
46.58419	-22.54465
74.0487	12.39049
336.13233	0.37306
142.85333	31.2041
140.53952	33.14956
87.57087	14.86467
186.91051	38.77294
205.63315	-13.65835
254.69353	-5.41433
5.99416	-18.09543
0.6311	21.76172
24.16742	39.47139
82.86856	11.49629
176.34933	7.90936
125.55389	0.26433
136.64331	18.77454
129.77711	20.49806
137.61677	20.18213
214.27732	-3.20196
54.30643	40.37215
17.37128	37.33032
4.27015	2.51275
49.19481	-14.59863
158.02628	15.75737
143.94428	12.14776
258.70913	24.91849
163.20506	-24.41823
200.58027	35.30095
32.22485	14.56742
114.56884	34.52659
72.4488	44.71397
214.09642	-8.35933
286.5162	-59.55355
142.33527	11.91415
7.16132	-5.04001
14.69142	14.79399
48.15368	-27.67137
34.23732	19.23456
126.18318	20.05727
176.21663	4.88409
87.52154	17.64987
217.58783	-40.53576
231.78625	-5.36165
14.53329	33.06051
29.07472	-8.16318
47.15192	30.18701
110.81194	29.56091
15.16129	-26.61636
48.0285	5.41418
58.18471	20.91119
99.54447	41.04249
161.06921	8.54364
185.80314	-28.16571
1.75461	-7.31612
247.96688	-20.57764
14.90478	8.51362
355.32206	-23.39458
358.54708	-22.24493
339.89533	-3.96915
327.33055	-8.88773
92.77931	46.20919
99.25606	-21.96839
187.16034	14.95891
174.15705	27.66662
232.33671	7.7687
331.08211	43.96329
299.67166	12.46589
124.50457	66.94472
108.47298	19.96064
134.74891	26.62944
47.15226	6.02095
152.94772	20.79796
218.03597	-26.10529
324.333	-22.9747
331.92009	-11.65938
26.33772	42.86535
72.0281	0.30521
58.99755	41.67696
189.00679	-15.39519
221.09079	-0.62177
328.87962	-15.81517
162.09619	-0.09292
236.82319	-30.97426
43.08327	-34.38673
256.13646	3.43326
270.54964	35.86226
320.24712	1.38055
148.69356	-0.30392
39.19118	17.27862
47.39448	-21.01227
345.9721	-13.56996
354.20771	43.40606
134.29742	54.37706
121.71326	31.42721
131.74048	17.46633
144.66642	22.91872
59.58329	-6.94134
32.18635	18.47828
355.47807	40.90622
107.03437	5.83486
162.46773	12.32948
124.25646	-7.81125
171.06072	-15.8926
200.87713	1.6477
297.80127	-15.03467
175.35356	30.11348
321.22402	3.42393
225.2802	-5.95371
249.92858	-2.73892
252.45488	22.31814
42.89422	-1.39634
92.15928	40.02088
158.82155	44.57883
138.93941	1.71984
196.89678	35.48287
144.63996	43.25035
131.79599	46.07136
238.78628	40.9728
231.23841	-4.68746
14.30374	32.76678
135.06892	-53.80474
133.79041	0.00624
162.81939	13.01373
140.57072	-22.12275
321.66588	-27.80779
70.15582	19.95982
87.85335	-13.01216
86.59748	5.99608
218.43699	-3.75312
265.35227	12.00125
110.56035	13.88163
61.52069	34.84812
219.43661	59.93616
328.60089	24.95015
66.99584	29.68415
32.58117	41.48927
91.83168	30.27904
230.85379	7.65014
49.64262	35.99466
172.42849	12.22957
107.98391	73.88308
12.45541	-4.85394
260.40579	42.47028
340.78579	-33.90764
148.55737	42.69724
252.58681	43.98821
3.00601	5.58165
172.93116	14.48414
126.40854	14.60545
120.8018	18.18185
188.74102	-9.44227
244.04407	9.26183
92.36585	25.26472
204.77703	-23.20402
221.48914	8.37943
137.2036	23.2444
143.85961	8.19922
220.63873	19.94233
245.5418	35.93493
77.6846	22.06852
25.14382	8.57026
33.89492	-20.20546
254.19377	36.11469
208.63547	5.42177
207.21179	8.39804
336.99622	4.48744
323.9304	33.95004
317.51315	13.31892
317.23276	-22.49479
332.24334	-21.87724
69.92786	15.53043
40.99247	2.14641
157.25702	1.51173
136.73648	36.33588
162.9613	28.82907
138.13295	74.11349
262.73001	10.25952
247.1718	-2.47105
247.14746	2.68068
313.62232	-19.0325
297.77418	-12.32386
353.62735	36.92333
132.58772	18.0785
139.63857	2.60723
215.07308	-10.36003
317.02056	-20.51553
43.79406	19.61747
346.34873	-19.63232
353.57433	0.44772
39.87279	-14.50378
56.58597	-10.21901
160.44233	7.76933
317.05574	-10.6874
350.96681	9.70888
137.22481	21.00513
250.9447	-6.1646
330.05417	-5.51368
26.02738	5.02826
120.06341	24.03276
102.67992	20.79846
116.85592	66.81764
173.91832	5.69046
238.65077	30.62311
347.72371	-3.00218
3.21443	1.06197
331.02699	-5.05096
33.15692	12.69733
352.30902	-46.66694
34.12535	-38.8931
81.86044	20.41318
339.96537	43.69779
121.69587	9.06748
204.77559	2.21742
315.63897	-30.83321
328.74541	9.06985
334.41882	3.05041
34.48225	16.15842
79.24994	67.74037
194.89191	77.2115
150.5028	17.69184
163.73581	0.65626
99.04685	-30.34461
203.42425	-9.12858
270.05827	29.92942
338.881	8.2945
356.11152	26.6792
45.96852	2.14749
61.14033	29.48567
63.21195	18.28761
112.74527	22.29651
248.26792	-24.35943
179.84713	1.12915
348.89735	-11.89657
303.18849	-15.33223
309.77142	7.80821
41.53003	20.44419
138.43249	11.88735
23.40405	8.31961
152.22124	15.5781
213.96535	-11.95799
229.29521	-27.98049
253.51137	-2.11203
256.39204	-0.37126
224.77414	20.7307
30.77288	10.32923
66.4693	0.0545
325.33928	20.62164
161.47059	40.83927
138.51508	34.15506
255.87687	14.31504
139.07134	71.6394
38.65758	40.36481
48.15644	7.03065
39.77591	36.14416
251.68475	38.94576
260.0452	22.44554
260.23941	24.39174
4.96371	16.29058
255.37339	27.37604
123.29693	51.41548
92.25042	34.64424
113.02654	21.31012
253.39246	30.75686
224.23487	-30.10435
338.15375	1.18463
6.60214	1.07416
40.25349	5.14382
57.94706	37.26772
57.3987	18.88686
59.88023	-27.20526
8.80235	-33.47758
164.84634	-12.90991
137.51325	-27.49803
193.0893	-5.03112
274.00133	38.70538
263.59424	0.43308
359.62015	3.58435
56.58923	10.51411
164.36826	29.10444
253.31149	-6.01017
301.0274	-48.79891
29.74782	-10.40756
299.9682	-41.04861
312.88357	-68.70086
68.48911	49.27202
138.58153	-6.60133
206.8099	-7.85619
186.50988	-5.16018
295.7245	29.53581
294.21119	52.36219
12.58459	20.82262
324.25369	10.78778
348.33642	-15.14993
97.94911	5.29222
17.30275	-6.49318
263.67308	52.88903
158.49546	-22.6828
169.12401	22.22617
206.7804	11.38417
217.84631	-17.05265
306.08396	41.53851
44.575	-11.7229
118.58428	22.00873
145.17418	12.22722
309.41804	-4.99531
87.37289	5.0524
292.50465	-17.07645
346.43768	-9.55363
45.28716	-34.76887
17.41507	20.08883
58.55636	20.27884
77.07894	-21.2492
38.70903	39.4145
16.3293	35.75907
168.60115	0.46408
250.52566	-5.97591
223.409	19.69285
320.05928	-33.38442
139.02983	16.72779
46.17003	25.74757
353.61636	24.17429
67.47651	7.1057
223.85619	8.27371
228.68629	-1.21827
11.73488	-0.37764
262.9748	26.35394
314.53685	-46.5397
46.41534	-16.37125
66.34921	-21.73725
165.96737	-10.24274
162.30914	39.35863
181.52956	57.02786
192.9369	-36.65867
246.43272	-5.7584
226.7988	-1.40054
209.01885	-36.44021
29.44387	-6.81823
99.14753	60.03402
120.07221	19.25024
82.63658	28.27397
33.41447	-6.49424
329.8657	-48.76986
347.17784	5.77005
241.56265	80.97012
328.47222	16.67166
