217.87529	-7.20001
190.70212	4.18804
338.07289	-7.01544
329.90233	9.35502
196.40456	-7.30231
102.87672	-13.3189
25.90006	29.65175
252.86384	-16.09072
127.7446	17.26119
200.4388	48.47503
138.53332	4.01189
132.0779	50.95248
322.15446	-26.24646
14.02978	4.98248
176.68535	10.26642
109.41059	14.12425
191.58743	46.71862
143.84304	-17.14088
349.0452	4.29527
40.02795	11.02608
182.97842	-12.17174
18.96077	-14.89555
37.50349	-49.61437
41.43361	5.68527
43.80013	0.39642
157.59153	8.90559
225.99959	20.50476
200.31056	10.57312
39.30438	-24.05039
19.55663	-35.0617
67.6909	17.14012
63.6687	15.80794
3.29272	-1.83392
107.20532	1.57741
355.64535	20.85296
157.70667	10.11841
307.71162	-24.89539
335.66181	-43.91787
123.35947	25.28766
232.74062	15.75713
189.37916	-4.69775
320.93188	-5.89352
324.70088	-11.68203
63.26307	17.732
133.89231	40.9037
40.75904	4.38185
52.24619	17.80788
224.82413	-14.43253
111.22734	34.67106
137.09896	24.52642
48.85018	11.55206
141.59746	25.28206
222.24593	-30.43201
298.33691	-22.17719
54.97263	-21.13671
65.54908	6.56296
164.98479	-0.07108
159.66382	-20.78636
170.55752	-11.40206
179.32257	-19.24437
173.36537	19.13876
350.52561	-7.13225
46.30436	31.22251
122.57681	22.25443
136.1321	10.07471
171.83549	2.51823
180.41185	26.68295
221.42578	-9.24991
88.6656	14.49838
348.1947	20.31302
130.74771	24.13862
216.66437	-10.52877
310.11782	-19.24333
341.81557	-9.31945
26.46992	16.60269
41.51019	1.02975
79.43032	25.11627
97.751	-9.35558
116.0092	33.39496
197.57069	-2.15347
243.92474	9.27186
168.35972	-2.12045
177.97062	30.27613
229.53689	-28.78695
168.80418	13.16182
126.41919	23.16884
199.50076	0.86363
139.6612	22.29385
252.88842	-16.5018
269.2924	34.00996
136.772	7.50474
114.07446	18.5076
131.68454	43.01509
76.55128	-15.92293
235.06705	37.58512
342.12789	32.5819
147.5521	37.79035
44.24644	-40.87577
176.36295	2.99409
211.28908	7.62447
156.54068	14.46175
113.83523	57.81547
192.69518	6.62727
153.55525	15.93657
234.08431	25.10014
245.05539	46.64972
143.27328	54.67207
259.8026	35.65862
249.85318	-14.04808
95.42014	53.57306
58.48514	17.97319
190.70349	75.42723
134.84855	15.71435
153.26934	-7.75418
100.25422	77.96636
188.60938	-11.5803
163.40377	11.29064
168.68529	-11.67452
209.78928	-9.60579
261.46965	45.57644
317.89168	-26.40772
303.39308	33.37425
122.30169	7.28845
73.31474	19.35238
168.05417	12.4182
151.36937	0.13965
223.238	9.76067
152.44053	53.13011
318.34322	-34.18091
28.83848	33.44285
21.47989	26.4059
243.60331	-15.48173
342.39104	72.05601
53.01651	52.08318
198.36601	8.45086
193.06766	15.37472
230.4613	35.76321
229.77346	-11.76721
239.16008	46.70551
263.22139	5.2522
258.05456	14.30563
355.82858	18.87499
342.39209	22.15799
250.73213	-0.50982
355.69426	-38.13541
51.99008	-26.72848
90.10091	10.31051
343.91327	39.34373
240.80401	44.60608
185.54839	42.58648
112.47383	-0.39515
262.58589	63.06707
230.01193	62.86037
250.04493	-4.8567
160.63962	-47.99425
338.29179	23.64366
3.34144	-3.07133
10.46313	28.93043
44.61743	56.65892
174.74275	3.63958
239.18917	-63.15076
1.86102	-22.75384
100.88542	30.18012
46.74414	-10.85965
38.17131	46.20018
73.98942	-26.7045
133.50474	-8.80595
212.20213	32.35979
330.35068	19.04142
85.54236	69.10746
47.37579	-24.42123
78.20848	26.60112
64.98807	16.62279
201.77876	4.1025
196.82906	46.44548
303.93513	-12.32856
274.6767	1.86336
17.84758	25.3396
55.51803	53.12424
111.74901	21.84064
155.67743	10.00572
184.97659	36.72045
167.59135	-13.78658
216.27777	6.09232
209.65533	34.17398
342.18159	12.12623
355.33762	-11.49426
324.06882	-21.59148
338.61575	32.67835
341.17922	-7.10058
146.74062	24.6544
242.37326	27.28491
267.03317	-31.61691
318.14713	-9.63634
44.42049	59.76665
183.83711	-1.36454
347.04436	-6.70605
110.24791	-25.53515
176.56905	47.55963
235.25115	23.82938
24.77132	14.57336
178.52082	32.21346
115.73437	35.54795
73.97997	21.55557
206.00915	-9.63238
232.87138	-10.22614
328.93701	-37.77476
131.6026	23.51635
179.71748	29.88219
147.99172	-11.16766
173.19504	-0.53214
319.58386	27.15136
338.2293	21.47813
80.71607	12.32682
225.35465	43.87703
250.26881	15.30272
359.60335	-10.72875
41.44436	8.37484
20.7967	-18.15682
145.67896	13.36434
194.53454	-2.7651
184.35025	-36.23116
5.76575	15.0032
344.09078	15.59267
79.22975	-27.43363
298.72116	1.91122
213.47748	21.39641
29.42242	-4.56407
326.77793	-20.51326
94.56981	14.82458
149.61958	35.15906
205.05339	16.77649
188.49161	-15.06165
121.28609	16.79257
171.34613	21.08139
173.33348	-1.53411
140.30895	-13.53785
165.61738	-14.29664
194.94781	27.99401
331.61718	35.03047
323.74782	8.414
331.83269	2.40152
61.83324	22.86546
127.24724	25.18525
210.38346	1.53751
217.44257	7.65393
205.88671	17.0039
192.97602	-34.70946
307.77216	-28.35241
6.35047	-46.69633
245.31685	-4.69118
59.48428	34.56459
145.45351	57.40443
30.03416	42.51487
142.47993	-33.69094
51.51646	8.5434
134.483	45.57973
220.06518	-17.15322
205.58669	44.63445
178.16399	13.80019
173.13052	-38.31985
190.48528	-13.68261
227.46391	32.74182
211.2036	47.47193
11.99694	15.61866
272.91996	21.07418
70.33919	4.3637
185.61511	4.12052
109.00077	19.21794
330.1925	-39.19268
307.12173	-8.93448
325.13111	-15.25465
353.02915	2.92877
186.76897	-1.86949
7.83565	1.83916
4.12649	14.90193
182.97675	0.53284
54.70334	33.5353
329.10033	24.43159
81.89673	26.3128
239.81814	-5.0697
271.83193	52.20779
164.30608	-20.05042
79.9478	-20.56818
71.20496	-27.22742
197.99446	-22.76459
319.43556	23.77974
325.31617	9.73376
183.49284	17.82472
37.76594	-24.33739
190.94431	12.63548
250.35807	20.39844
320.25395	-27.79031
315.5283	-23.25777
352.67902	6.89155
39.23038	12.52329
37.35276	-8.87126
81.93955	-14.99995
163.2667	7.07097
175.41854	-14.60168
180.91647	70.10634
225.63898	-18.01616
318.31759	-17.01785
353.14109	-46.49406
340.66899	-20.12832
54.627	34.2565
338.49684	-8.2998
172.63772	33.96047
94.07614	13.3039
128.98097	45.46055
151.43713	-4.02864
221.62276	-1.85638
212.21026	4.18662
215.29338	56.65071
244.09224	13.37149
13.28871	32.3803
311.2875	1.96445
342.5363	-9.28976
75.51555	-23.45374
65.66353	22.93099
36.57251	34.33175
28.02482	28.65315
108.04456	45.29256
157.18704	19.34133
177.19078	4.87904
152.12179	-34.4015
136.95895	-1.10586
184.83849	-12.09571
293.14064	-41.55288
260.3387	42.41525
345.721	-50.63122
343.89241	45.4934
78.54289	43.80036
52.66567	39.25903
107.3848	30.18369
257.52423	-15.46478
313.89069	-15.72994
46.11279	1.0129
57.38698	18.95931
146.83956	72.81406
357.1936	20.35116
358.29474	-3.29906
142.70093	23.6838
200.31693	-13.23299
187.80257	17.73657
137.37196	8.75749
53.32063	26.5421
39.32666	69.09118
124.1661	-8.27872
239.01819	-5.87568
177.68741	4.79146
197.67235	21.84159
83.28634	23.99974
134.7261	-7.04796
12.3951	-26.56415
8.82699	-16.03067
113.23038	19.80843
233.3803	-20.78306
15.53089	-43.89133
58.74342	-6.3398
123.57371	19.88912
64.75409	-7.04852
16.73945	41.99866
200.98105	-10.12803
160.89863	10.98541
137.30354	16.25798
231.13584	-10.484
321.69761	19.04407
28.23922	14.94458
50.32634	19.55963
341.29737	40.97163
16.59193	25.68115
206.69405	31.12192
191.43825	-9.20785
207.83314	14.13814
117.11045	35.3085
207.23838	-1.56545
218.85186	-19.19846
230.61581	-27.34393
270.92861	60.5946
32.61568	10.87158
61.94438	25.24138
128.68645	10.02885
171.60713	29.08266
201.21606	2.8831
234.31326	39.88838
354.12651	1.16874
336.9876	-0.64071
212.09493	35.56055
23.17586	-37.37852
37.27343	16.26847
80.59574	15.2956
30.90664	52.54219
208.77228	-5.08526
160.4614	5.59451
175.72822	2.301
220.2977	-22.48326
306.25299	-16.74192
351.41315	-8.64402
45.04115	29.93571
80.96099	8.37504
164.50147	8.57593
212.65125	-23.84116
172.22947	0.09119
342.84983	-12.66915
292.54345	-18.1333
6.9773	13.68057
26.31076	-38.74999
194.02492	-26.48086
110.07077	59.00936
146.92193	-2.87429
341.38693	-33.98566
350.92719	-5.90211
37.76585	-16.57288
94.99906	38.41784
60.29834	12.23726
209.20214	17.75389
129.55784	56.01257
159.86323	-12.87409
189.81503	25.71894
337.98381	-31.49551
356.72338	25.74305
323.47188	25.31178
302.29206	3.07612
354.58155	30.34187
158.70236	46.10049
224.81957	-0.93609
201.74387	15.1398
302.00237	18.44117
63.53373	19.12482
31.05048	33.77756
68.52293	5.35956
87.22756	65.48388
59.73845	-7.52813
133.89972	-7.36571
146.44014	73.42259
234.14394	22.89432
257.0217	66.42874
182.96324	32.16116
320.46721	-26.81074
325.0916	-9.25152
23.83524	-3.91829
221.78554	70.3901
119.63698	56.61631
157.33006	-22.92496
178.79035	-20.07922
182.70471	-4.61894
209.16466	39.19573
259.28455	46.74048
38.77983	40.69295
76.21222	-18.37871
80.97689	-7.21775
61.86565	21.57697
40.88982	27.9627
254.25604	17.44162
185.25567	-26.87015
250.7245	-10.89153
304.88248	-39.55888
310.58473	-35.68912
8.95504	29.11747
325.74447	-10.65085
318.7541	4.88163
277.25155	24.89585
311.77781	2.26382
26.69099	4.26062
108.98784	10.60768
168.5527	-20.60373
259.94617	37.51274
225.56774	-19.41022
154.63971	-4.40856
338.78351	8.6248
70.40234	10.03391
20.05609	9.47392
31.53731	-4.57069
60.68211	-9.47429
167.86147	15.62121
115.53186	25.58442
129.07276	-7.98869
164.55771	-6.01898
151.89096	-11.30545
233.78832	5.64754
236.596	-25.603
214.96833	41.03499
310.42988	-34.05105
199.94921	20.57565
243.01048	52.24092
348.79893	25.37376
329.75503	-24.77867
47.31422	-54.85376
330.57486	37.68027
80.57787	69.06884
351.38596	-35.13701
53.35152	17.14911
33.61287	46.28336
178.52507	9.26566
222.44448	40.0561
152.91614	51.01174
141.80334	-48.00036
195.37922	32.16546
206.76035	14.75954
254.28585	-8.84921
333.00395	8.23775
7.80122	16.84243
30.71098	19.01906
87.49504	19.67758
102.86583	43.18313
220.68302	32.55419
165.27199	-9.84771
200.6131	-23.22142
323.88349	29.29595
18.65271	-17.57369
59.68495	20.392
25.44745	32.14021
153.10505	-8.89292
78.80759	-52.32351
148.59427	-22.50906
224.74568	33.25128
128.98563	60.65505
353.53946	37.47527
133.70624	41.09012
75.38985	-8.01127
169.10675	26.38373
209.34439	-24.60548
180.87449	-9.49886
246.72716	-15.63384
336.95787	27.98769
24.27651	14.24987
76.59478	-1.86875
26.86409	-23.75336
126.92052	1.46793
26.69531	16.48397
178.5211	5.51196
235.61671	16.79089
189.5554	15.06134
137.96884	34.10912
195.66929	8.03408
58.58193	32.01868
227.18256	29.80147
300.5736	-22.47116
19.42918	-2.06451
211.38328	26.962
167.15474	17.44352
152.78308	3.16414
59.32835	1.5012
315.25161	-4.77538
25.72478	22.56073
170.51504	3.6417
88.20366	34.95768
121.36622	50.84421
145.17279	7.68951
139.90615	17.76648
210.94215	42.16469
222.35943	-13.05533
230.26895	30.04792
11.83784	7.3854
164.60157	-20.61253
158.05596	7.85542
35.87976	6.12672
142.6566	37.72402
124.38858	44.46649
147.34251	-36.02646
208.75327	21.95516
238.45645	-0.95094
3.49008	-8.37478
73.03113	23.79438
175.33679	5.0863
195.02182	8.97222
198.76206	6.16629
262.75396	25.97776
326.08296	-15.812
26.69533	15.30367
172.50096	-0.05534
345.43782	-22.44556
326.50555	0.39836
115.49699	32.01094
143.91902	8.25599
186.4416	-9.49857
233.08812	-10.57781
252.526	42.74072
308.86869	-33.92504
343.83992	-26.43821
63.29414	12.71316
129.85875	3.92353
144.76448	11.48942
168.47156	-3.84127
225.8186	-12.25602
75.80114	3.37546
59.51398	-13.18166
68.67374	14.16977
108.25495	25.79264
212.8747	-12.4349
186.42216	36.15883
107.74617	9.36754
182.05773	16.02365
140.99582	4.60102
146.06499	-0.92661
336.52202	-7.89254
97.49227	-4.70675
31.11932	41.08866
194.60389	5.68941
118.57426	21.22737
184.86847	-27.18446
302.7197	70.07246
234.33785	-9.69489
209.59368	48.96564
259.02942	31.453
222.04705	23.66582
45.08081	-7.07785
51.38846	-7.52375
107.99037	38.75646
260.5158	59.20464
54.49019	32.43216
93.846	42.34123
171.79446	5.5578
206.47199	-11.54805
320.50812	-23.26273
146.06029	11.52475
269.2043	55.64829
257.45124	-3.52194
212.68029	5.5966
339.99255	5.02828
61.6053	-3.44274
88.95994	7.23479
295.58925	59.55943
34.24821	48.35202
44.0703	-23.02498
319.83855	20.35959
110.45008	55.34006
90.56547	-0.63293
204.37427	14.18799
174.0091	50.24976
200.83999	18.15292
268.12962	29.85447
268.23295	7.45973
314.85537	3.73043
319.45964	-0.37259
77.33449	5.87431
148.58845	48.79674
124.60717	9.08031
222.84045	0.90034
177.45133	-47.98587
246.76852	29.95535
224.83723	-7.15889
344.37076	-7.50902
256.8505	20.19802
28.52183	34.36897
28.49341	29.18936
88.32982	-48.2841
104.71547	39.76841
302.12225	-27.02914
306.19443	-1.42026
336.31477	-44.77534
309.1465	3.84547
61.87682	-11.85478
65.57439	28.69532
40.52317	-32.66679
69.13588	-22.90763
129.35674	34.44702
166.6192	4.04633
112.36655	30.18616
61.00441	-37.21176
89.3386	-5.16142
83.88123	-0.47375
125.92976	5.31794
177.94504	-4.54999
138.26955	36.08562
243.57244	23.41347
348.32673	-20.22147
19.00024	38.33868
348.33139	26.9246
350.40664	44.60091
323.37662	39.65599
32.10892	-16.98394
115.41728	19.20175
186.03017	10.80191
189.90934	28.47423
149.31839	34.46714
341.90407	15.95897
90.24964	-20.34894
110.17568	40.05327
100.99446	27.7677
125.3611	20.13619
163.68844	21.51057
154.76298	-5.46249
26.32051	27.91458
71.30314	9.87016
164.82436	18.27962
229.67661	11.84192
296.58601	-30.36391
238.05207	75.3562
24.19589	24.37758
47.69734	17.89654
151.1073	49.05108
211.51473	-11.63973
112.43748	38.81409
167.00436	29.91864
325.8109	-26.53493
40.09275	36.30856
1.28947	15.92277
31.34882	16.26254
156.30003	4.14703
247.04683	41.86418
116.48523	16.19876
169.01774	4.11396
242.48194	-13.00178
340.56927	-8.61495
334.89454	-9.51253
334.05359	2.45361
353.56999	3.64166
78.27477	11.75133
213.7084	-12.83469
167.55851	10.09365
222.56577	13.97564
317.01472	-11.20712
190.08933	4.73319
134.81272	14.15845
49.08764	30.65176
156.26412	-30.70446
230.99071	27.47815
352.60306	-6.87113
341.55078	-5.93889
36.89561	13.14993
185.87187	0.04454
101.78383	10.57858
162.34954	28.74104
145.12678	37.21236
171.49421	1.28852
26.07614	23.59609
35.06664	-7.97089
152.77375	28.9774
80.81279	13.54295
167.9843	-20.47776
165.38369	20.80689
14.95735	8.36862
55.39535	32.49991
121.05246	15.66683
227.2758	42.42906
173.82047	-1.52906
227.91547	-11.61733
324.10132	4.26635
313.27658	4.25724
2.52552	5.32847
65.65259	36.09127
110.48993	42.85542
19.40329	9.63322
117.12433	20.63708
185.71083	-6.39241
215.09798	-15.95591
198.18607	11.36637
321.8687	-9.37455
250.65862	-4.1724
300.58992	-26.1738
35.28497	-9.07836
34.55047	28.68243
55.63881	-0.90933
232.50386	-17.69456
234.9996	42.00251
306.29966	-20.43212
34.20582	38.89916
219.4347	22.0564
160.10551	-9.63283
267.82452	-10.01023
312.51398	-24.04924
304.24151	-2.6756
58.70374	-8.27581
186.14196	-21.39315
231.05658	41.46352
233.62618	0.31431
236.43126	11.42939
218.57168	0.48267
62.35339	12.82445
53.17706	-0.49119
114.34076	50.15306
130.58378	75.3521
190.51318	-6.62158
203.11648	48.96414
305.01382	-15.69322
245.75516	34.26043
35.05538	-28.763
52.81524	-20.37434
157.71249	-7.96112
119.14004	-0.92262
174.86011	-13.03728
154.31689	-19.10335
251.51083	-19.01297
215.33281	-1.49206
214.96488	10.95289
268.13704	25.06208
306.65959	-29.47361
296.21078	-0.76752
240.23551	-11.96009
257.87028	9.24097
338.20388	-28.11603
270.05639	20.53251
310.61017	-3.1056
246.84475	18.34239
215.25285	-10.51717
337.20331	12.91344
124.95457	-8.67685
88.07855	-2.81537
17.42016	29.40026
140.05035	4.6091
154.37308	-0.2058
180.37983	40.33797
172.75033	10.36907
143.0722	50.9622
108.67666	35.47663
205.54521	-11.56209
276.05306	29.57135
213.79044	-17.87636
338.56342	12.67871
92.16458	-11.01882
345.38734	-9.23794
15.32044	19.02957
25.98877	20.52939
349.85663	13.19714
46.04558	18.56478
160.34333	-12.02747
189.23486	37.06923
235.36314	34.57888
253.71626	-9.11903
242.91462	-18.99072
307.81573	-43.1483
3.69499	13.36712
106.92173	46.16747
159.48281	30.11375
127.36994	31.56299
342.45971	15.66398
85.37056	-32.95413
204.08081	22.672
241.11057	34.21039
223.41374	14.04472
75.06011	-2.91177
70.27095	1.14634
135.05456	33.91879
235.52744	45.52823
180.65948	37.65879
207.61866	2.49406
327.8029	-12.35832
257.14367	-15.96567
355.18749	-35.23779
158.75818	12.73844
69.62658	-13.115
136.39553	-3.09304
128.29773	15.65938
159.27215	34.58739
171.38143	-7.74792
221.02514	31.05287
227.5355	7.68284
279.69949	55.46836
305.33989	5.1383
320.52111	-8.27708
7.97023	-21.75626
7.86959	38.41971
96.82857	28.78665
71.47422	12.79894
102.25868	-7.26851
182.35861	37.80398
202.84125	17.78238
312.57092	-11.41299
222.19442	41.40598
130.25718	17.16465
28.39948	43.37569
17.75219	-1.38325
330.74571	-17.14349
45.37697	13.89032
333.61357	0.22253
30.149	-1.4733
29.68817	-26.78268
98.42714	23.32707
77.26273	27.15591
117.14378	19.95982
171.72005	58.67829
45.54182	11.55742
43.47215	6.26334
191.58309	-0.07302
42.66736	24.02595
73.24606	36.45927
213.15826	49.6905
74.93004	23.0157
61.79179	22.00611
46.08876	17.70732
228.60679	-20.55584
238.99885	30.45361
45.99299	12.48513
69.30744	13.43521
220.12619	-12.28793
331.78808	11.06782
132.20479	18.03562
136.49281	1.56949
203.29523	-3.4155
193.85558	1.23153
31.9509	17.15505
27.54817	43.66382
124.43603	12.35609
139.4795	27.74278
14.15309	31.80406
156.01494	28.58589
127.72012	70.06702
176.99197	13.54889
352.12291	-32.51948
347.17634	14.62863
35.58012	32.61198
21.7665	-1.9705
44.32919	42.07455
187.19535	33.21709
46.42564	10.53339
253.30276	10.14487
263.9718	-28.23481
314.84842	6.14423
307.0552	1.00813
40.25739	10.95978
38.40532	15.45141
146.01565	26.52221
178.35545	2.64109
225.26365	-10.58803
252.35672	-13.5334
115.19218	-38.29688
74.56271	15.16972
130.74508	-0.73481
124.41154	17.22113
147.79524	12.65497
176.87443	14.33194
166.90375	48.9254
198.09883	-10.57293
238.95836	-31.03954
315.81872	13.43196
84.99386	7.7474
260.38105	53.41928
137.13051	-3.83987
316.15946	-34.69563
57.87062	27.70455
78.99696	7.70036
66.76975	15.70858
130.85197	2.47446
191.99302	20.35003
192.32972	4.63592
309.57651	-40.03696
12.29872	-38.86033
317.93737	-27.1818
266.6343	55.25561
338.29151	-11.55046
279.07041	39.16116
81.65457	-26.74443
51.36702	42.89501
93.30081	-16.6485
176.05728	-2.0891
87.12594	-16.76032
157.45439	13.17165
167.77491	-25.74714
316.21379	-2.04899
19.20735	-2.36978
86.38229	-0.02517
45.83042	0.4791
140.19908	-7.36689
95.10807	8.74062
156.27761	10.35991
133.45755	68.32305
196.68565	61.28258
244.17086	22.21601
265.93133	20.5409
226.01586	10.78194
32.56448	-23.93291
28.65524	24.79486
346.57791	-21.43569
80.5878	13.8146
160.27168	10.21184
25.50876	29.3388
89.50845	-0.87224
240.61152	36.91911
194.0522	16.33186
289.80181	-24.95174
350.61324	-14.79019
10.99641	22.50607
132.84666	-11.18269
150.34144	16.31506
89.03651	-15.12719
221.63646	-13.06644
272.54788	28.02934
257.02921	20.59198
234.0779	-30.62543
323.25544	-43.73404
341.56083	9.20662
27.67104	-16.69996
337.73178	-3.80557
137.39115	69.78439
199.28039	32.21147
339.60219	16.46781
261.86289	11.6065
30.10042	30.02742
62.285	-3.37532
142.59298	67.97787
124.11771	40.6933
100.10467	-11.82468
127.79661	28.41644
216.66207	-30.40038
234.78378	11.64239
248.37887	38.46049
55.33291	24.19186
95.24323	47.93261
15.4859	47.00111
5.60662	19.55504
138.61034	5.73458
130.16251	53.73432
213.42363	41.61543
165.71128	6.00082
173.6665	-21.97527
226.40931	30.94097
265.31163	8.17549
323.30525	28.73174
157.71099	46.55624
121.71231	22.20917
72.97443	-17.48544
144.06676	10.94329
149.32829	-6.38007
193.3618	55.66232
346.86598	-14.80522
7.24377	24.55867
38.43489	-11.96773
349.36522	26.85193
336.74493	27.02138
141.12447	56.11741
255.85399	10.0394
204.09304	-11.1544
343.42716	14.88673
216.08813	2.50334
150.80794	10.33397
243.8139	40.37677
153.99943	35.57252
45.42823	17.61233
152.38781	6.04023
209.8622	-10.52374
158.69424	12.54039
179.93115	16.80993
279.01904	13.04124
351.5673	-4.93384
242.48694	4.0656
286.31573	5.34859
161.48587	1.28371
166.41206	-2.75972
226.75388	-12.16491
335.66793	-7.48806
6.21557	45.026
352.38568	29.73363
149.70081	6.30775
100.71959	47.48505
308.74002	-48.99316
142.14418	-5.54787
211.16599	31.34354
285.51308	4.81752
248.06856	-20.66741
191.12892	-13.98116
40.56813	-15.05949
340.56984	13.26702
45.08736	28.69692
19.37461	3.52331
84.17658	-20.34159
180.5205	11.90027
329.43265	5.05894
26.42384	7.08292
35.30753	27.29781
145.02096	15.58027
168.75632	13.3996
191.41054	-3.2006
192.03364	-15.03009
210.64916	-41.5489
77.28505	46.01857
138.75467	22.8143
250.79639	-2.61947
181.76248	59.15898
233.73896	-28.87452
243.88467	24.04198
181.63042	-49.58623
212.71176	-0.20082
20.40402	15.78081
35.75812	10.33386
138.01895	7.76162
147.51102	12.86655
226.2267	30.92491
221.2535	57.06476
221.4794	2.73884
227.32095	-21.47219
331.23301	5.68348
298.49148	32.63198
98.62252	42.40377
30.41946	-15.61952
7.30941	8.69362
5.76111	8.06257
31.62743	17.82116
34.04784	11.53404
81.4724	28.64887
105.96322	31.59879
73.0869	3.08184
77.43672	-16.36288
248.68314	22.59386
231.07335	-9.5065
4.8183	-7.20491
351.78232	0.14934
345.29576	28.80218
94.62551	39.14948
156.22607	15.1678
193.01837	-14.18763
201.5789	-7.73052
250.47381	19.34793
241.1489	-17.35134
252.9869	-14.67215
94.71895	43.65542
85.96252	31.84612
140.68923	-5.45161
121.72056	11.50018
125.64551	18.70495
123.75114	48.81413
173.76594	-18.33333
307.6748	0.16972
220.34932	8.00204
343.87046	-24.73183
98.36264	5.8135
163.55965	50.82963
136.64719	6.23493
93.73097	51.10249
186.42721	10.51514
53.70529	-5.50386
86.94677	-6.71633
115.0344	18.41929
250.48212	34.85493
224.72466	20.25527
23.88418	19.15574
171.23029	14.88493
152.07	13.54467
183.98105	17.14909
231.81584	-5.23565
203.09824	43.94888
257.54347	48.71947
310.0804	-41.59409
15.10203	-4.37544
341.5134	-2.75957
145.77144	16.95217
211.41973	-8.06143
176.49209	32.79754
203.00582	19.52965
12.18999	6.6637
33.34386	-1.62087
204.32022	48.73017
214.67457	17.57237
182.90837	20.09159
191.20836	-19.85826
181.72876	-16.59211
160.1493	-11.69943
297.73839	-31.4798
8.96337	-6.23654
26.35665	20.22242
127.7817	-2.86983
348.85636	43.28274
62.47453	40.74888
193.21452	-29.3658
215.35228	71.58701
319.54075	-3.96932
96.26416	13.81347
30.26854	32.223
56.7646	3.90918
349.27798	-2.45874
58.00594	6.49291
221.68648	-16.59026
182.435	15.92808
93.70939	37.49815
205.60091	44.47267
245.05543	29.74216
316.02541	-4.97355
311.71729	-2.86458
312.57448	28.60417
83.4291	34.26003
106.55733	55.9564
133.73773	56.27124
128.41374	53.19218
187.41656	27.05544
236.73101	7.99119
242.28074	-1.21213
347.1229	-16.67369
38.48231	68.6825
20.89659	-9.47033
149.56739	39.8748
134.0479	44.6552
179.11554	27.31118
231.64947	67.10108
72.77374	-14.78683
306.55513	-35.66153
54.09426	-14.87864
325.39455	7.04009
111.23188	64.80356
269.12852	22.25198
160.35149	42.0932
196.11794	14.43138
316.06159	-9.89429
10.41782	-27.49141
44.58599	33.86045
53.43443	-17.98996
343.37005	3.06926
43.48613	24.17539
100.79852	26.13072
118.06477	21.8434
32.80485	9.92787
335.72219	-7.55062
199.38803	-1.15199
159.49239	39.58851
247.15884	14.36311
342.49338	-16.80754
40.37954	23.62497
239.65872	22.23891
311.94918	-0.63546
73.78143	17.91205
33.9014	1.86285
130.16807	15.00567
163.7773	14.23386
28.9432	19.87999
50.14222	-3.00162
62.35497	22.87561
141.62106	53.81153
4.22106	-15.28453
106.01447	-3.02836
65.67581	19.41774
266.00989	20.99488
325.6918	7.68455
68.68566	13.68289
87.93673	36.77252
120.32594	33.43712
149.46714	19.9357
256.98613	-1.86896
167.8763	1.09734
209.50622	-3.46614
324.90461	-11.38894
111.15586	30.26173
134.5611	5.19585
169.47931	-2.76526
287.25242	-57.01357
263.23201	-11.69455
195.53628	8.14732
37.34838	27.67909
119.78872	26.61263
84.96907	23.94951
52.7167	19.36715
218.47035	-12.52572
322.21321	-21.11205
34.21982	-11.97674
98.31851	7.86052
82.83026	24.50345
242.1473	-13.61665
3.94891	22.06286
116.80085	14.30316
157.92921	0.19595
222.33708	-17.22532
2.31136	-0.30493
12.57526	23.42115
16.73845	17.73698
97.6067	-23.69383
201.66817	-34.28136
234.07133	-20.86978
249.45092	-28.19229
243.61561	-3.92536
74.49727	-12.51926
33.00359	40.33556
193.95258	57.50963
350.47882	3.06104
130.83521	-3.41351
159.26094	-17.19027
231.51678	-5.45932
187.76851	-11.76468
238.9623	-24.43081
307.42041	-19.45519
268.08572	16.03046
220.51217	15.22933
346.35454	42.89514
76.41699	22.08629
258.98035	34.31337
132.70661	7.25655
265.55433	28.52135
6.23938	10.75468
345.59514	7.24517
347.06266	-11.13475
29.72007	30.70718
124.87999	-1.99492
172.05502	0.75905
175.67508	-1.33529
184.00832	-18.93058
80.98517	3.30442
79.15277	28.96134
44.9914	-8.23412
76.80201	23.05742
39.23966	8.5185
112.62182	45.04313
143.18481	19.58791
215.71252	8.90402
29.42853	16.03496
240.88613	39.53668
239.29911	5.41149
197.14746	-19.5455
325.54684	-15.15605
323.35806	-6.90235
143.71244	38.28835
141.43251	46.0937
211.90206	52.17991
322.59688	-29.56585
233.6732	24.69691
28.41581	10.79043
56.55341	31.97417
160.67536	23.05417
162.19838	42.52358
231.08768	69.3533
197.70132	-8.15368
249.6908	52.09164
235.09401	-6.82441
287.98286	27.51972
21.2553	-1.77218
153.61492	30.98583
11.6605	8.51128
29.48061	33.52664
140.56187	44.65746
155.31597	6.97033
120.14188	2.18468
178.32155	-33.70312
271.32305	34.47798
309.19557	-17.87616
341.26636	5.15212
351.22966	-15.74344
22.83875	-2.18529
56.66345	20.45795
53.37037	2.32444
165.76477	41.72055
181.84278	-17.24265
264.05401	13.41562
302.45608	-3.70534
278.50735	33.4853
56.45433	22.5487
16.04282	9.32688
46.22948	-25.15045
344.6804	23.80309
10.56416	6.41622
61.32403	-1.88724
19.58407	4.00374
89.96046	49.02432
53.09834	0.84546
215.10901	23.21191
44.6011	25.3297
114.982	19.14453
37.18228	-7.87691
206.44669	-12.62553
259.70761	18.70557
316.32011	-5.68215
140.82616	26.61237
220.59662	-6.51212
294.96367	-22.77939
148.27717	12.65626
34.22347	27.39497
72.72166	24.664
152.47258	8.76652
62.39317	14.80916
129.67321	41.38859
267.16064	39.23363
54.76772	10.83273
38.50756	15.45352
168.42911	6.8754
148.663	17.93899
115.55317	73.33662
51.09012	20.40139
162.54851	-0.58618
179.33751	-1.55717
139.87888	37.99353
195.65451	-13.76524
301.79184	-16.88127
320.65959	-43.10993
118.08318	17.23135
148.26466	8.85773
127.67199	16.56001
173.70197	-14.76388
251.80859	55.60909
233.85073	-21.8452
1.75867	-20.52896
132.12961	-23.92381
99.11792	-39.74814
226.14427	21.42549
254.94988	-5.37737
302.24968	24.55118
329.40464	31.51851
323.2302	-0.36615
211.98684	-16.40405
348.97129	-8.56645
344.5065	16.40927
36.78541	2.10902
59.43183	34.32887
183.32255	18.53741
211.0062	25.71522
186.41342	0.89423
185.41414	2.60841
306.96666	-4.18284
329.79889	14.17066
356.43697	-19.60098
60.8317	19.04193
37.4052	9.3845
90.43064	4.08568
167.06342	49.97647
149.41725	-5.00018
198.02775	-2.82812
194.4113	-0.89734
216.15293	-38.0413
263.76485	51.68354
63.37044	-13.19009
57.96764	15.22705
40.29446	31.49734
159.36157	-13.24851
177.26375	-36.09484
213.42669	-10.64193
172.93604	-3.1189
250.50031	5.9476
245.71286	-18.22697
217.56465	27.28559
324.11517	-35.11126
311.74232	-26.02571
263.71579	-2.64692
229.94812	-14.85083
19.02154	-38.1239
348.02697	18.58337
62.49974	19.76236
136.83903	68.76424
214.78429	8.96198
171.09305	41.08779
205.4431	37.69027
310.06604	-31.11709
354.98139	-7.05109
71.38661	16.76477
48.08006	1.27215
65.06091	55.79116
75.12847	-9.72515
202.68312	20.14734
202.569	-12.97596
304.76193	-18.61818
281.54745	35.59568
259.14346	12.91341
203.66171	16.72466
254.19713	39.03506
321.33831	21.98709
304.00157	14.31193
10.40433	-18.55843
104.09138	73.26659
61.08192	6.73397
132.22137	50.21664
203.06161	5.99008
217.78988	-40.38646
218.64941	-25.27469
229.64131	-13.21632
346.58437	-3.91415
38.90385	23.5563
345.41528	-39.34808
338.34102	5.16207
66.549	-1.74428
71.22973	30.29804
181.68963	6.56173
152.73461	22.6679
236.88717	3.60496
223.97213	-6.4215
309.10238	-11.18889
345.47975	17.21752
2.73844	33.00979
348.59934	-5.56007
34.13864	10.59147
109.46029	-49.287
25.58932	44.10251
91.20323	47.46004
330.15514	8.43871
187.60112	21.23649
158.26161	4.62451
197.84461	-9.73512
158.43828	10.57188
309.23718	-14.59643
304.39143	-4.21855
287.87778	-46.71457
332.20679	9.06292
21.51993	13.85913
62.84512	20.8119
351.18802	-19.46175
171.63857	-18.25749
152.53249	7.04066
209.6503	12.86748
219.72448	24.47119
251.18041	-16.3084
330.69901	-4.64338
357.14512	-26.35571
30.64869	23.23116
32.8532	16.86045
67.38519	17.38012
144.70372	53.39497
36.41073	-9.91729
114.45483	39.00808
236.548	30.43723
217.21048	-14.64195
195.81632	-34.23136
320.56237	-49.05066
285.96288	-36.37958
342.76058	-36.5573
41.30729	29.90243
142.2143	-11.24495
114.59025	50.261
142.53074	12.79183
122.73135	4.77566
173.27201	-0.24847
241.87822	51.31166
250.40343	4.43251
258.00734	33.84319
96.06985	75.71127
188.04068	3.33037
215.00492	-11.71589
261.82572	32.03544
335.07996	2.3453
357.98344	8.48283
215.66509	-19.30625
25.66766	4.50651
50.38738	28.62062
136.40886	33.46482
230.66938	-1.51509
340.42623	9.78284
21.2907	14.65619
175.48402	29.29077
323.95274	-14.49017
284.41287	-17.42863
338.14907	13.70622
347.82411	12.97534
43.3446	16.02623
3.29675	24.56929
205.72073	-8.21619
144.67532	23.11145
198.48597	-14.91493
238.8569	-11.17607
189.19786	34.80919
221.13648	-22.96745
38.19977	31.75554
133.49404	6.9101
188.62842	1.34776
150.00475	20.19944
149.59052	16.57124
225.07024	-16.77822
57.3112	3.52715
320.64377	-5.43504
325.41324	-56.92512
93.22173	68.01783
238.1513	-3.79985
259.1211	33.0851
346.84557	42.98387
102.31616	30.39844
94.56357	7.82581
151.61959	6.22336
203.05321	-9.90444
196.81841	12.46964
219.45798	34.30482
311.03917	-15.55009
323.67289	3.6756
70.1238	25.9734
35.70024	14.5879
29.85054	12.67509
223.13887	-4.86036
221.74128	11.04882
239.18353	35.82287
136.83128	-1.98496
228.02886	-10.16293
339.68358	10.74159
126.68701	30.26629
171.07095	33.99641
261.52995	2.56911
64.45808	-23.25718
78.00017	6.58758
252.69127	22.53483
355.38408	1.59627
14.72955	18.61255
16.47585	35.99051
76.61696	-16.4013
121.44132	24.5393
139.20967	16.12835
88.6422	46.69613
173.14397	51.75107
160.80822	10.41974
264.52383	-8.46812
330.56835	-37.18245
235.99397	-8.75058
288.39541	-26.931
324.23348	-2.95415
331.94137	-13.86524
356.19585	-2.12048
313.57284	-2.16863
265.80824	-7.09932
51.48359	16.4001
173.69379	-14.34963
188.88792	0.93191
292.95054	-43.50329
327.52044	1.36382
26.66156	2.67546
170.84042	2.37812
147.39172	5.56862
140.6272	32.80296
126.16304	-4.05774
152.00742	14.39745
132.31559	-1.15364
160.35213	-6.50996
212.60386	-2.1708
40.52275	15.86071
18.66814	47.13173
58.83574	34.17859
177.50624	39.3797
223.37819	0.32836
167.78164	3.82515
295.47231	-12.91194
263.86849	-1.30657
22.46424	-18.06888
21.86212	45.3796
3.68556	-16.6833
132.45442	27.16825
240.39516	-2.16065
353.96799	-37.42183
127.09337	79.28088
234.6588	-7.85867
230.56724	-18.8434
246.57203	24.32252
103.30591	30.78155
125.14525	23.75564
125.58615	47.75125
134.89042	-14.30349
99.17357	47.53837
132.53992	56.23616
193.60727	20.87682
243.09967	8.66105
214.24477	-27.27197
315.34093	-16.8838
251.22311	10.38147
87.27613	52.96258
334.81384	45.04129
313.29328	-2.39009
97.5025	13.64158
56.2764	26.01266
172.73003	34.81816
143.7036	-6.69832
72.32286	5.81852
171.91527	4.55477
152.85244	-2.44386
206.90707	-17.61423
239.89357	-9.5748
263.56303	24.46886
237.72744	25.98316
295.44476	11.07213
331.37135	2.60761
142.25404	55.6103
39.66583	-14.06474
82.57866	21.83517
187.41989	13.75281
179.67816	4.09243
245.12777	11.64682
162.26618	9.98818
242.26642	18.22954
223.56412	-6.6138
324.28494	-48.76794
326.64616	2.8042
84.72735	-4.44849
123.34397	38.9948
238.87745	58.70367
115.30057	-25.1164
331.29787	-28.61466
358.34174	-11.6915
74.08086	-8.76171
52.11919	17.62452
155.85197	29.35866
45.54626	23.4307
157.69462	27.32091
123.5712	56.42509
202.44693	17.07205
220.80734	-6.21193
338.95622	6.40116
274.07446	31.95139
245.63729	-31.4081
13.37509	31.37659
349.66161	-18.82798
344.04417	55.18413
4.89534	0.31751
123.38509	30.29029
340.07321	6.77476
19.97172	31.6837
95.08515	-16.28235
14.00134	20.56886
89.70326	1.04949
220.99226	31.39387
140.41963	-25.4584
222.10527	7.13855
200.54051	-7.78182
210.99606	-34.44922
290.89835	55.78573
200.93369	-74.03134
252.3367	12.37588
8.55452	-29.96079
94.58212	-3.99213
107.36381	37.6353
315.51834	27.30949
23.48244	30.99917
174.69439	-9.21346
7.4906	34.4081
115.60611	4.36502
270.27897	26.35725
120.03853	44.1472
239.31721	22.63009
112.67765	22.94636
166.42702	30.37079
49.75782	33.01365
113.62599	40.56164
44.12321	26.83566
224.68687	3.78107
67.88652	25.87134
144.16336	16.08691
253.76762	14.49993
326.26436	-28.97556
105.14399	35.16763
49.33679	33.72215
15.05907	-45.71767
66.15596	11.29925
240.19896	8.67476
65.60266	11.24775
355.66768	5.90786
69.59167	28.56176
204.6929	-3.65165
196.68996	-5.11995
271.28618	39.44345
84.05659	12.36354
126.70247	4.6868
256.19679	32.56234
136.58263	-6.50444
151.46834	53.61028
314.78845	-12.35315
4.91635	34.61146
111.2834	33.20838
216.0135	6.41808
225.03764	-21.86527
267.2777	22.09586
46.33214	32.94142
219.94204	15.25076
267.30546	-23.87356
334.66059	-22.92694
307.95304	-33.64523
148.93591	26.03089
36.82305	12.05053
33.81945	40.86673
55.79939	-7.84168
141.56148	-2.5638
125.05161	14.11774
223.5618	-3.78702
187.51002	25.6725
173.10026	-1.91357
253.95573	3.87647
4.41466	-8.76035
318.55204	39.57232
42.18958	1.75887
2.99676	-19.57402
329.52388	-0.84579
57.51835	30.61923
328.10225	28.30443
64.74599	9.30819
66.46989	25.82635
133.58068	10.60219
161.41307	42.00111
183.05457	37.42954
172.21562	-21.44486
191.26874	-7.9173
237.62842	4.21197
312.20794	-18.66062
64.94818	13.52115
153.15258	14.64967
89.15554	54.79875
285.63255	8.51209
358.47568	4.26082
48.33796	-13.25241
17.23951	14.26339
167.61374	36.83497
112.47576	-24.52007
175.4313	-2.46766
195.4505	32.38916
232.71048	-23.30988
205.04819	33.52762
16.8366	-44.21164
333.74995	29.41921
164.85527	29.93559
49.03264	42.20548
241.30437	9.80547
222.43303	7.66617
236.78632	-3.48909
275.93617	11.63448
327.25023	-28.50529
37.24201	11.42393
27.47847	-23.82335
315.34414	-7.24449
2.91179	42.42965
105.03939	9.27236
79.41523	12.00971
60.08222	22.29535
120.61495	47.24523
182.44381	64.09897
151.2609	29.56664
81.07732	58.39195
110.24642	17.8695
195.72673	-6.0638
164.31337	13.60506
223.64399	14.3072
150.42503	-15.17352
310.22519	-21.75201
253.92655	0.44125
9.41859	2.14339
1.86325	32.46057
25.26814	36.52565
19.70668	30.28118
83.35092	37.54969
152.13933	-13.90728
202.11317	4.8181
193.50748	-9.28548
28.22219	25.47209
67.72128	-1.38479
92.11091	-9.62578
130.59376	25.75175
22.71235	13.11028
151.19839	-38.02291
173.97655	-19.55019
191.83124	10.65165
229.36081	-23.47905
263.99551	30.65213
215.95113	17.9066
332.93711	-29.86515
313.00718	-32.68244
338.80065	-33.31866
271.56567	31.59769
32.51982	24.3735
81.70694	-20.09442
79.49342	19.6479
129.50214	-4.81311
116.04085	35.04579
132.83102	60.61643
154.24595	4.10644
142.60422	48.01276
159.27395	25.96953
94.40513	44.69396
302.0103	-30.26634
239.74621	9.71222
334.59329	14.1249
68.69234	24.44252
64.36027	-14.53114
213.14515	-13.50729
167.38873	-3.7484
251.98443	-7.27045
179.2691	33.28294
223.34858	23.24132
259.72649	-30.38138
322.92678	30.16444
273.63892	22.16448
260.0182	9.48889
66.60996	31.05934
57.13565	21.60379
9.31324	22.54256
20.28492	-4.23266
114.43643	32.33775
118.25755	15.95756
163.73051	1.00605
227.93909	-25.8965
250.63683	26.37975
44.04704	-0.96257
235.90497	-9.83519
355.66732	-2.79487
55.12063	17.14466
23.18651	30.34713
67.6997	-32.99724
103.03084	24.19526
118.40957	14.71744
239.51292	40.10448
18.95806	-0.98612
141.42637	41.705
184.38278	-8.21939
246.3647	23.49897
303.69569	-10.53915
65.83194	28.97835
52.16719	34.57633
156.96179	1.04941
125.50045	30.96276
153.64156	0.99601
239.30739	-14.00221
350.8086	-19.42437
239.17279	-19.10955
242.24447	25.60506
243.93548	13.70688
77.68731	38.84794
168.78249	18.45504
205.43009	-4.47656
149.04532	-19.36494
187.96696	-4.03793
193.66714	31.58643
150.65618	-14.19835
215.34857	23.20547
238.8368	-21.07318
310.96312	-12.80926
356.05956	-3.228
114.68771	20.82305
207.75122	-9.81159
260.58253	14.43316
241.31947	-21.41506
253.56372	-26.41015
47.77766	3.51024
57.48146	30.16896
113.15245	23.25144
122.3172	18.03062
172.43245	15.21289
169.42546	5.52193
129.59713	30.19404
103.83134	34.49067
132.5315	20.92207
172.14738	-9.96195
230.99949	-2.07129
303.59894	-23.08066
16.84378	8.1547
5.05943	-21.62526
348.00763	-0.2747
54.32566	35.12167
142.77833	-10.55355
212.75086	-15.522
8.77623	-15.52088
347.5835	5.83327
32.16375	13.73697
95.82483	-11.40559
93.66136	-18.9034
166.66083	3.16472
172.54142	37.47846
209.82122	18.02782
226.52408	-7.45816
330.59522	-14.15021
337.84558	28.36142
103.63861	34.08797
175.49405	46.03586
153.18451	-82.75578
241.33132	-11.19054
234.71115	-15.07695
268.21719	18.73637
353.87266	-12.9536
353.90677	-7.39599
39.72052	23.28661
62.19652	-14.73474
130.1705	-6.1559
150.12676	44.8807
159.45655	28.24191
206.56741	-7.34208
325.88927	16.05507
256.84882	19.29623
275.49995	12.27213
299.66017	-18.73159
332.88066	50.39255
289.79689	54.7849
346.48984	20.01424
78.07161	15.51014
60.76885	23.06392
26.37142	-18.1717
107.55125	35.42601
65.3503	32.91033
128.90143	33.45281
204.32672	7.27662
185.3782	-9.28249
198.84279	17.55177
222.83804	1.01737
194.37708	55.39238
219.64894	9.35879
206.0581	46.80213
328.83332	-34.55548
242.28029	5.93682
32.15202	-1.13592
30.53738	7.77037
190.85877	15.27313
202.61473	-5.83449
245.64666	-21.44457
223.5191	-25.95498
283.26469	20.56972
4.34312	12.66078
13.0847	-16.14504
60.1518	0.46902
106.43796	19.44822
318.86493	22.16817
71.61828	0.94535
178.91933	36.58041
27.54288	-26.11192
199.33791	38.87693
257.88655	60.26711
238.17709	15.11954
214.77807	60.43111
320.94234	2.30705
8.46326	-28.37912
343.22519	-15.95294
49.37537	-5.74607
29.00082	-17.92645
179.16363	59.47599
230.57769	18.97226
263.77016	10.19045
350.27844	35.67508
324.73049	10.68513
43.85924	-31.10488
349.3648	-0.34026
16.44699	-2.78597
28.50071	-31.41604
82.28623	-1.3388
62.16502	-25.68807
20.10641	-16.6836
15.44894	22.96955
267.77571	-51.32164
124.57441	39.48278
107.88809	74.88022
46.90612	14.79484
81.1839	14.53068
235.80923	-16.7151
262.11855	28.68597
336.8858	12.21615
56.33244	-17.86473
77.81266	4.76533
85.61364	53.40719
260.39359	46.48929
359.23337	7.61782
63.12107	8.60708
26.73267	23.17923
47.19684	9.42275
63.89429	4.97385
138.55542	32.67643
178.26301	-14.5043
216.02108	15.17262
342.34304	9.95919
153.09345	38.74592
149.57936	18.94808
205.13164	62.49813
324.36399	19.68462
62.00454	18.91245
167.66806	7.17229
351.56907	13.60891
60.13309	26.64943
181.47903	29.2674
51.84916	22.84059
39.65378	16.13767
125.31392	8.09841
163.05568	4.46996
239.49557	10.54513
345.20235	-38.9518
57.96512	33.0585
74.01547	21.82679
79.15177	5.68003
215.53752	31.3986
159.44442	4.33221
202.82221	-5.5763
319.33645	-19.99547
23.9698	9.16046
83.25914	20.99036
148.8252	30.31722
36.83193	40.61331
37.42622	14.38871
132.51537	15.25531
135.32717	11.41577
182.18299	3.11324
3.48003	36.52299
98.1126	40.60194
217.8545	13.35752
242.12152	-0.13227
190.03541	-14.07989
221.98007	-1.16237
244.44255	-12.05938
338.96114	-3.37856
28.65413	-7.23983
52.87856	20.25233
188.70138	4.63429
201.06329	48.02365
216.22245	-8.86297
315.35601	11.43737
95.21267	43.30115
62.03832	-8.30243
148.74227	17.37513
160.26757	6.93558
314.38208	14.81332
324.69336	0.64165
349.81957	3.87681
327.90026	28.38701
65.29504	50.80575
122.80773	2.8319
184.42092	22.81484
251.52748	5.95912
193.16162	-8.49269
316.85429	-2.66626
318.33266	-20.25741
37.70225	-15.49365
117.4475	38.27229
42.95189	26.8395
190.21975	-10.83222
173.60072	-1.66806
298.52173	-10.1589
303.94513	0.25156
11.67877	18.18141
178.34975	3.62677
169.68518	35.91239
233.10969	24.36402
336.1503	29.27113
146.81002	28.81468
168.21967	45.52242
194.60717	48.05189
203.32557	8.09583
234.19801	24.9911
328.37296	-2.78962
233.51256	24.19144
347.55659	-15.24192
11.35786	12.82827
308.0906	-10.86391
355.35718	8.0392
342.47977	19.38161
56.95543	32.5962
342.14934	36.837
20.15167	-7.5561
55.32816	-3.0243
161.44469	50.59348
226.36854	-35.60044
251.5948	-10.57624
335.99802	6.22176
327.93381	-29.46867
6.23417	-11.49776
63.967	4.16377
194.75586	1.51814
249.11243	-15.16456
224.29553	67.81862
202.5857	-47.67032
24.94263	6.67755
62.78602	-8.3545
283.68178	30.58967
9.07414	-3.15069
151.52984	26.44077
124.72353	14.09709
222.13337	21.80143
197.61507	-13.00031
265.3183	31.62364
27.62966	-7.15564
325.63173	-45.61308
44.12795	8.71406
45.28959	-24.98917
36.50799	9.39204
348.5789	15.43169
68.61818	12.74372
281.80389	-36.14417
14.65332	27.04604
90.2455	-31.27232
145.10933	14.74458
171.87178	-18.0374
221.87489	43.50148
185.36353	26.16894
226.22725	44.99213
30.62569	8.32571
13.83393	6.66393
339.00289	-13.68404
13.27323	-16.87662
158.6945	59.5202
169.93677	27.46106
139.54829	33.34373
184.67491	55.8836
222.61358	30.32159
151.82603	20.206
227.32649	-5.26565
199.04799	-44.7775
18.10505	-9.14351
314.0246	-1.5622
12.09045	18.02335
335.51639	-48.29445
82.61756	11.96444
15.56262	9.86527
179.78825	49.45654
95.31471	68.10521
127.86769	44.93466
118.00782	38.28306
190.20978	-40.1943
254.82158	23.50658
254.36644	19.76616
309.15855	-11.30535
14.20173	-12.87657
324.59112	24.92785
76.61934	40.12856
78.27128	21.40096
32.78777	1.9595
93.26349	29.94778
15.41637	30.09653
172.91292	-9.97051
238.01596	18.43317
256.87499	24.33939
270.45698	42.86805
317.06464	-5.94086
182.95213	23.71635
68.4044	-18.17857
153.41556	-33.60759
53.61174	-30.84636
64.17269	67.08862
239.76271	25.26515
7.41832	31.16661
335.9221	-48.65513
247.35283	45.95196
307.0055	-37.88546
172.15729	55.62409
175.34543	30.08018
16.73106	41.80712
23.9973	-7.21018
218.25396	-18.61183
32.08246	-2.44116
217.85234	-3.98528
2.45247	-54.30637
283.48967	58.11982
254.18808	-2.65478
333.88494	22.5761
162.48818	-7.56022
255.31028	23.60941
92.446	-45.33027
261.95404	43.07021
3.06338	-10.96652
86.19843	-45.51279
355.30079	48.17983
66.4777	30.96745
317.32685	-21.55001
101.86848	15.40349
323.90739	-5.71272
120.9392	57.36636
223.32063	17.64713
213.53881	51.34727
70.7941	-46.22238
141.6583	9.94663
150.65237	-5.90229
221.73148	-3.33693
202.71099	54.19337
253.51801	33.02597
290.85117	-51.32819
139.64694	10.56163
253.82584	48.87453
152.67325	49.01705
351.62893	-5.72135
149.25856	33.70629
336.32437	-15.53966
15.75475	47.85985
285.71717	62.09302
101.93335	65.91188
28.77996	6.98897
213.2105	28.46215
334.8027	-6.26525
125.87743	18.53201
17.23358	22.15694
56.40441	1.25571
311.08871	7.15616
153.40859	29.05117
200.81478	17.08212
124.00955	16.84761
52.41294	21.71324
38.09873	-2.10829
255.03595	26.13584
230.91314	9.82947
28.90168	-11.20328
9.47698	56.38891
218.18525	-11.35143
299.08877	-40.03867
279.39028	54.40173
149.88511	50.83848
125.20018	-3.55643
242.26131	-23.48394
308.69936	7.90463
197.49546	7.80658
140.33644	67.09248
64.25363	33.27869
243.88013	-21.59801
313.64751	-43.32584
194.3382	23.31159
164.92157	10.37975
164.11593	49.48922
203.79682	-36.78408
197.72956	30.8423
351.69808	12.48879
175.89141	56.83963
221.32979	51.63893
315.6159	-21.98267
188.16215	-11.65369
12.5993	1.78872
327.9515	24.20511
172.56164	-34.57505
74.1886	-16.67015
53.25042	-17.12387
53.5258	-4.77431
349.48204	-2.71325
202.70426	17.22254
348.89182	-22.94352
29.82959	-0.38684
68.51203	29.59607
78.91084	-40.0074
209.76056	-65.17464
64.95827	0.77113
307.18376	-28.56177
245.72213	54.74507
171.51829	-25.6312
299.91583	-54.44303
268.53709	66.71956
131.2997	17.60212
16.41205	39.39505
13.40576	-53.29415
251.88931	37.13496
51.30672	27.12257
339.79522	-2.9858
116.81975	20.35112
116.31407	24.01758
17.36772	-38.21172
20.00724	27.68855
261.30657	7.99378
63.28597	-24.19945
165.58001	7.15985
198.44315	27.07185
208.33416	24.37867
328.4397	11.028
66.63718	8.7045
351.83991	8.42524
168.50426	22.39809
202.58326	23.14737
138.65437	20.31842
208.95353	-0.39947
346.49505	65.17787
113.65007	36.46279
15.56677	32.45282
175.38823	-32.08853
43.94562	17.63158
309.44358	-47.78583
337.92387	-10.13509
82.68112	26.33
298.90198	-9.66512
61.48218	-31.61948
228.45484	3.05387
5.29132	3.39531
319.41659	7.91895
165.95407	-7.55581
270.31702	44.4557
282.59838	-31.94023
188.43082	-35.47113
108.38249	50.81095
219.28549	39.6274
136.60782	13.19378
240.78752	7.08911
169.00632	0.2026
60.71031	16.50699
161.20284	34.64667
18.82102	10.1821
180.55798	-28.90437
206.67277	-25.12739
176.15285	42.77514
221.70411	40.47414
182.14729	-13.12293
267.59635	31.58364
45.60114	20.95725
245.28696	53.82608
281.63431	43.55453
231.50756	-9.0197
328.50309	-7.62441
12.56546	17.15153
80.11013	18.69301
182.65989	-0.15382
298.75979	-6.25066
125.19515	33.01528
259.39959	-8.2411
323.19291	-17.11271
105.46454	38.62976
208.83642	51.17498
227.40204	42.3904
328.83527	24.01984
218.1576	-6.55176
314.51811	-11.43231
323.65257	9.83019
80.03144	-49.90105
322.71333	10.97735
53.74866	12.31305
63.52613	30.09448
131.46831	15.04227
18.22172	-36.9961
24.23347	15.91087
356.48337	-11.84395
164.15733	18.5115
312.53608	-15.50349
109.54475	25.69837
185.09494	24.41428
2.47352	-15.79445
55.58164	6.3984
99.9284	-14.83876
250.74184	-6.14789
214.57104	-73.86709
46.52084	63.45583
329.502	-5.39086
180.79626	-30.7224
225.72335	34.43512
95.28921	-42.60694
260.04893	39.61574
42.19617	-25.98274
349.7883	7.13143
92.95081	-8.59957
240.53377	-5.20913
312.69847	3.43096
151.4075	-16.98416
36.99534	37.38111
17.20199	36.98524
158.98366	-1.73742
150.58534	-8.92225
261.68249	41.87612
184.38051	-24.40262
343.76823	24.03796
300.72034	-19.01168
337.92675	28.28434
73.19849	57.24454
347.1445	-1.17455
312.73191	-5.78546
196.45733	-2.98461
330.22986	-9.8241
352.75633	-17.52089
357.69487	14.54224
90.49196	-9.89303
140.56993	6.49985
127.39508	14.46084
321.09247	0.62026
265.23001	20.13576
127.73765	37.4841
174.52635	9.40914
307.66959	29.9706
248.63403	9.0579
310.84892	-8.8762
104.76255	26.94513
173.50173	52.39148
187.78177	62.77939
19.74135	11.59181
67.1091	24.63214
335.88552	-14.25927
145.11302	35.04079
357.07753	4.48255
203.10966	-15.52011
229.43443	-18.80223
189.05847	-6.23296
317.34049	-2.60363
26.62777	7.86362
9.57326	-16.22183
205.12572	-38.45543
339.71568	21.399
227.06884	-18.27963
12.29472	5.17374
30.7483	-24.34001
50.36573	14.20727
196.09327	-36.0251
79.89785	51.29387
304.723	-11.70788
184.82016	10.60069
219.99197	4.55134
256.42878	-6.14553
216.99623	21.28072
300.77555	-2.54251
79.17818	3.19909
135.07103	11.15794
53.891	10.05705
188.17991	32.80174
228.07939	23.03575
322.37675	1.35717
72.15247	18.05678
241.23754	2.01142
326.04744	0.21007
36.24826	31.97582
328.26417	-24.61993
254.75889	9.02889
355.28899	19.5323
171.19983	18.93598
271.32222	23.4463
307.06569	-39.48248
335.8549	14.84521
193.60687	63.37368
238.00105	-23.20507
279.21897	-54.89121
217.72823	-5.16538
2.86315	-16.48368
244.69754	2.72586
114.32749	19.55523
171.0594	-8.26866
215.51657	60.2548
38.3683	9.69596
220.68382	-6.38042
182.49503	9.11626
154.20374	10.28882
127.87006	37.33255
215.05967	17.5543
214.19712	27.312
350.50182	-52.91031
73.35017	27.35656
108.83195	24.92421
2.47709	17.00544
80.48704	25.66895
58.18922	-15.65235
24.68615	10.47939
182.93003	15.02227
214.58207	27.89736
222.63369	36.89872
223.97379	-18.05438
250.79396	21.13912
40.16561	0.61114
8.28799	-16.95985
59.19738	-4.50908
77.83228	2.02104
97.92075	19.24972
246.37603	-63.37576
347.54303	-12.40248
53.84596	24.93116
328.15292	66.61711
42.37859	0.65897
40.45825	21.71644
188.41591	41.48567
150.47492	11.86958
147.56456	27.53089
255.39773	-1.53594
49.4849	-1.40367
192.10599	1.3716
221.96674	-0.59341
254.40974	2.24658
38.545	5.46568
44.39408	31.83625
94.27142	-8.63823
243.89544	-2.10505
164.88671	20.41551
10.9571	5.73265
214.66974	12.41469
272.45451	-11.70238
343.00372	20.50872
75.52445	3.75414
24.46843	42.19786
172.25624	7.9141
251.05907	1.37721
330.39147	31.47951
320.87514	17.79437
141.34439	-3.29954
282.13914	58.22465
54.95071	-41.49255
131.32863	38.96641
166.67237	22.55063
338.7774	-33.73973
325.55314	-28.25964
37.28147	42.42124
351.24046	-0.31285
51.05056	14.26904
29.83838	23.67828
208.36277	46.53384
173.87469	-4.61986
218.5582	0.37854
320.48066	2.59056
355.90785	-8.05492
342.74558	-3.60812
134.57867	11.78444
96.49717	23.46585
48.58785	-25.84666
39.87054	17.11891
67.51942	33.178
169.37748	4.13011
231.01179	39.14204
246.93272	-0.74701
67.29966	5.30662
179.31644	7.68236
115.75449	24.84709
50.47066	-8.14511
175.70124	31.68839
107.37365	41.39147
265.18565	-6.92936
189.95085	-21.72055
244.57989	1.65397
319.76925	20.9636
107.97078	21.519
245.39053	-6.64087
12.83242	11.0045
239.13954	36.88188
187.84401	-72.03608
339.58946	-0.80708
140.27359	12.2903
209.0983	-13.31407
182.39719	46.14643
175.92583	49.30011
15.84843	35.90297
43.2092	-35.95099
124.57179	13.29827
181.10365	56.58278
122.99194	56.19949
324.88648	-27.5309
258.05746	61.39252
121.29472	50.7703
206.36402	57.6524
1.05811	2.3789
130.83776	26.46013
203.37048	3.12428
240.26138	-23.8971
353.91658	-44.18188
69.61136	-21.47566
111.48661	49.04701
139.99465	-40.8311
319.61671	11.74089
207.09696	9.30564
159.60363	-17.74281
32.97189	4.39039
258.42908	-14.07336
235.93519	-21.34809
237.4911	54.22141
110.43907	23.06557
173.79062	16.98741
345.8231	-4.16188
6.414	21.18217
18.6285	8.02174
48.66387	3.81531
335.47994	7.30632
7.68034	-6.03461
176.64366	-0.17406
293.29641	-17.13098
160.65659	-19.61095
327.41449	-4.84257
211.12761	13.18751
173.69032	-9.56192
350.73927	-15.79753
144.4068	-19.12241
169.10278	12.98459
228.66797	4.15991
229.91326	39.42749
267.44848	-4.59114
52.83727	-6.04831
83.68241	5.59184
118.9461	40.75038
132.83447	31.82565
39.53847	-26.2652
51.38319	8.48695
20.53642	-28.64227
217.78827	22.70337
273.66703	5.63
38.94351	42.08927
64.32451	6.58359
211.54371	-15.23739
166.07347	26.85934
331.90411	-16.89352
261.28889	8.79849
117.73889	22.10268
200.76744	-8.60972
120.67323	1.21953
272.73315	28.86224
351.43135	-4.11938
224.85918	13.14539
60.77887	14.98473
268.87628	13.14058
313.76321	-37.42954
40.35413	-18.00497
359.04553	35.88607
95.8146	-5.4529
149.6563	20.60003
192.06471	5.30248
352.13887	25.49794
234.05661	-22.24056
306.57416	-28.28719
80.38905	25.06559
131.07324	13.82467
209.11262	17.30211
255.93201	3.23904
250.76509	9.39168
339.24683	6.72105
147.77027	6.06135
183.2217	28.09613
219.14364	31.36923
27.40368	19.15651
295.4797	-39.17976
52.39495	15.35047
29.83534	8.41139
47.62876	-11.28142
164.04334	7.11398
11.73413	-5.80465
343.23059	-5.65373
157.97311	17.88042
50.64929	24.049
54.83348	15.91908
340.44977	2.30894
321.02543	-15.0031
135.43409	7.94073
321.40895	-16.49584
340.43461	40.61206
318.9964	-13.87633
23.82672	26.98716
345.7495	5.05326
39.5997	-15.48651
243.60963	-22.1084
228.27298	10.56284
309.4251	2.45457
131.01072	35.37851
177.95433	-7.75948
221.81274	-17.8442
235.01993	-13.74192
77.51912	21.37599
129.1293	23.605
166.96878	12.35379
324.11027	5.46309
146.47232	-2.13562
235.70978	7.66776
4.52761	-4.79954
145.96417	38.94835
164.45827	22.47515
288.91598	7.51189
343.30351	11.45279
191.20553	30.6562
245.00982	8.24389
253.76976	33.99084
248.06061	-18.902
220.08567	-3.13393
254.01028	5.78458
347.4838	8.85252
1.77766	35.09033
19.73217	10.96846
28.49492	-20.26659
91.30597	-34.27029
69.98075	-9.03758
196.10605	13.91079
320.14359	13.92813
299.19831	59.51909
158.55985	47.65639
253.7187	-4.8425
356.9248	30.11631
126.75721	47.55541
42.44232	7.96141
115.46772	15.54469
147.16366	25.72312
316.81212	12.53732
167.98978	10.1035
340.44135	-14.61442
356.62011	-0.0655
127.03932	20.5403
252.51731	4.2228
305.26446	-10.23882
14.1937	-50.30791
161.57517	7.89435
206.15553	26.89091
127.89147	62.10688
142.9184	14.75991
260.54311	6.46502
155.44394	48.68512
219.14338	10.6853
90.32693	20.1437
128.33506	15.65032
197.57243	-7.2335
182.98925	-2.01896
351.21081	4.76946
133.10725	15.65106
42.96844	15.67608
245.76504	-19.61715
257.88026	-8.47057
57.31368	20.63906
118.68447	32.65863
301.47618	-12.1399
345.70941	2.97539
344.41322	-15.11377
116.07991	16.74821
11.25334	-4.20964
164.38106	7.04842
15.10775	40.38031
10.46025	-6.07867
352.17862	6.9188
32.3846	27.99364
154.04854	-5.90603
170.2918	22.27138
126.59141	13.62797
170.09905	30.37595
309.72229	-15.99743
311.42986	10.24264
46.411	-39.70422
161.8082	6.16262
231.09833	6.49003
22.9588	49.996
156.25553	24.95601
62.77884	-5.47123
129.03478	-16.77891
205.76149	-15.2513
13.81776	8.52615
197.69551	-29.17844
192.79317	36.8321
297.47896	-34.66179
55.82167	24.27781
107.05452	37.40183
315.26938	-22.63277
36.7827	-0.67324
320.04837	-15.37715
201.46699	5.33273
17.93896	-5.4928
38.78044	10.36431
307.79753	-57.51779
345.43848	23.532
85.71735	51.21539
239.96973	-15.76066
249.70218	26.26285
340.17873	3.25205
28.30026	-20.78658
91.49863	-20.62134
36.38281	-46.89111
260.68564	7.37713
129.03086	23.25791
113.46189	16.77064
310.442	-22.82903
326.44585	-16.26706
350.85246	-8.8408
61.84907	27.65609
197.20621	22.22543
112.04206	42.39307
113.81927	28.17124
206.44369	9.52928
1.81933	-0.65166
139.60095	15.03831
350.05092	-2.59834
332.05051	9.47971
58.03796	19.60664
195.85416	6.23004
357.48412	-2.00181
192.05647	-9.03228
322.24361	19.05591
151.60882	15.20551
168.85143	56.19755
81.8202	23.2017
137.43786	32.17077
268.99957	-20.05259
165.21687	8.37516
9.51511	-4.52589
121.38189	16.90916
146.9984	7.54551
127.95675	-4.21586
217.30599	31.66483
45.74369	7.88025
136.00222	41.07491
147.05551	28.61193
316.56573	-18.61093
221.26959	32.10837
256.8375	16.63893
235.12219	8.36001
74.83235	21.5593
63.28386	-22.361
209.81882	-33.43775
254.32893	13.53091
91.73484	-6.9875
232.7064	-9.71756
252.89393	3.26784
250.8084	-6.57285
29.45752	-8.60516
51.29716	21.21477
168.41108	25.20188
247.51589	1.53118
0.80295	8.25074
273.70798	53.60935
282.02668	-0.70265
342.61164	2.29197
29.42361	6.262
189.28548	27.20776
228.97621	-1.36306
262.75647	4.43671
258.36174	28.881
308.94234	-24.15773
62.86562	13.91677
60.14096	8.64067
38.75946	-19.0623
265.08035	28.9235
55.51344	0.53295
158.51591	-34.92363
266.87851	59.00886
31.46248	14.09668
108.86943	37.97415
112.79601	19.28301
43.30238	9.35967
243.20691	-8.82765
60.45059	9.33624
315.08522	7.5623
44.62798	4.24664
355.85762	13.98353
41.71165	-6.48437
220.94504	-14.45858
345.69202	-18.89975
304.04524	-5.98863
10.96854	36.04638
204.3659	-9.82167
344.34054	-55.74832
324.32624	-12.00631
342.93392	-10.73987
334.4547	-7.48241
75.5314	10.03878
161.52215	-16.45042
347.31972	7.58816
45.4606	20.68427
164.31653	-15.81572
299.67448	-6.116
150.97198	33.59858
97.02095	57.03703
210.18997	6.54199
66.22936	-0.60053
10.58567	28.76788
94.19903	-7.42849
223.25377	0.71213
230.67679	18.01762
41.30375	30.93492
64.74898	6.05638
164.31549	-4.16677
199.46747	21.6907
238.20883	-4.6146
19.57197	-5.64457
63.52203	66.72453
132.16219	9.20617
194.64079	14.96877
276.49193	10.23913
1.6338	7.92881
114.96865	40.7479
156.23694	4.01101
196.30321	5.05188
174.32781	38.0359
22.79413	7.71148
70.85403	-9.23453
39.30653	0.689
152.04435	10.30483
344.77132	-22.42455
10.13373	-14.29357
97.57353	-18.16343
221.40527	-19.90482
33.51797	-3.54663
349.79318	5.43925
5.87495	19.15007
21.62786	-48.87777
209.32936	9.23256
257.71009	13.64171
307.2409	15.19652
306.28275	-2.86822
15.02764	-13.7466
55.55982	-13.41559
27.43526	36.07889
215.92738	3.63747
114.43339	53.65327
13.23319	3.26198
67.2794	-34.65929
49.42361	-11.27497
78.57134	24.31168
227.57048	20.16115
355.23679	-22.91056
357.6363	-5.08306
34.19612	-0.20705
279.1698	53.31537
92.14964	47.80415
120.80577	38.86836
195.46009	31.45366
222.77976	-10.15982
295.82873	-39.25823
109.20106	37.7686
78.20082	-7.28468
88.35551	6.61164
323.88882	8.66216
352.83746	43.0538
146.94688	19.75721
190.72015	-9.01323
71.7121	-2.85961
333.09504	-13.55843
58.63888	21.88775
337.30689	-44.55256
53.56976	-8.42992
174.83991	1.41464
236.52757	-19.60802
30.39718	11.3138
49.98098	36.41233
262.01562	10.51704
328.37005	7.65791
21.90891	15.32658
340.01457	-33.0679
356.00594	-4.07405
56.43744	35.90193
233.55641	-12.80504
15.99414	19.34012
333.83062	-22.9466
50.37315	-0.46641
204.70208	11.3928
259.15831	-4.46781
335.50788	20.39998
46.32994	17.82363
129.42042	4.7001
125.1627	5.72985
213.67264	20.60752
334.34585	33.28006
342.89813	-0.69406
20.98569	8.51941
358.25006	-34.16644
238.19236	-10.07572
230.11855	27.80227
322.74839	-16.51107
317.7929	10.14055
226.143	27.61957
64.19355	26.48933
49.10083	18.50425
210.10892	-19.56441
326.18946	-60.90917
54.44324	26.42521
195.89374	67.07607
288.88862	-24.22802
345.12396	-4.83225
81.32017	-15.55396
59.87874	23.56849
108.90901	29.52238
187.94235	52.09638
210.42152	-25.04877
314.25472	-19.71762
112.21003	43.54506
124.10073	13.95367
222.07664	-2.07713
34.70492	-7.85873
25.85355	21.89884
313.52056	6.317
332.00279	-0.80415
179.22382	39.6208
169.5977	10.34704
141.11547	16.52971
162.93785	7.09567
7.54768	17.67782
222.02916	-19.67895
204.23639	-12.00625
353.20743	-35.9204
52.61505	-0.34653
129.02469	20.31248
24.74233	3.25106
34.37394	12.05873
173.38429	29.90795
252.28186	-24.40276
36.15215	-5.17598
191.07057	-6.20424
167.53914	7.00308
162.18766	23.58201
24.87923	7.72697
177.21096	-23.41178
324.62328	-43.42207
26.93054	6.16379
25.75633	5.49024
144.37387	3.62996
334.02352	-23.06587
204.31245	-3.6751
204.25998	25.37573
187.40366	7.16919
222.02349	27.55542
258.49317	2.69933
310.07449	-0.18467
3.73658	26.34806
42.96071	2.79086
157.98803	36.5967
79.40913	20.24365
210.93041	-18.78989
347.76815	-22.9749
338.22405	12.32612
37.30453	20.15219
296.45556	-31.9007
238.99251	-3.44906
60.58264	25.56646
93.87241	18.98842
184.03711	-3.7786
194.83691	-24.57434
41.50782	29.22876
158.07809	6.62551
104.3092	-11.40074
84.72644	4.76076
170.56614	12.78561
345.87703	40.50698
21.09309	15.5398
19.56975	7.04514
180.41155	-13.40235
203.67673	9.0403
218.94209	-4.10083
248.64444	-8.92412
82.50678	-31.02179
131.22466	29.85298
189.9646	46.79577
203.42754	-26.71732
162.92415	-23.4996
344.58235	1.71364
328.24252	-0.92748
0.58358	9.99458
152.0985	-0.37201
200.64592	13.27511
260.89767	3.70826
206.52769	-20.75215
236.29573	-11.17543
26.52117	14.02708
43.53592	33.00408
74.64489	-9.44907
79.06289	-11.15143
52.25119	-35.15295
110.66246	22.54763
65.70506	34.94931
62.75431	20.83908
199.76366	5.8032
337.43363	27.34789
35.06209	-10.16449
133.61933	0.47502
12.44387	14.3913
188.02158	0.64061
83.92535	34.43555
262.88648	-8.42897
52.38398	12.57356
5.98112	7.75546
75.33779	14.64532
78.82824	18.97474
354.54725	1.89044
118.85879	15.03751
253.60957	5.08695
4.36211	-25.63818
11.95387	3.69871
49.35118	15.28169
196.91379	8.84974
176.67352	6.25082
304.97755	-10.1044
300.6777	-43.87266
37.828	19.93396
60.11714	29.88303
180.14214	-7.39606
43.21018	-27.65143
354.99908	8.96395
114.80673	29.81653
334.91473	-11.35521
43.4577	3.16573
138.1978	-3.78219
237.26507	17.163
309.50438	-35.44368
307.94536	-38.37377
8.97313	-6.84711
53.84737	10.51464
329.00329	25.02087
13.76122	-5.45206
36.72416	4.94202
187.40792	-5.41985
311.5975	-10.787
39.10734	5.60029
349.05535	7.32435
66.00443	-12.00316
185.70623	24.66147
251.63877	-10.463
25.89569	-9.79835
62.16997	-8.01767
312.98988	-31.77232
337.9853	-11.05247
317.53	-17.98069
192.88548	-10.85373
44.67921	3.50031
117.88551	18.77469
113.11976	22.05984
313.18195	0.54179
195.68269	15.2533
328.81207	7.26581
340.88399	-32.8193
33.56964	-8.07307
110.63332	45.78328
135.24352	31.4354
151.74292	28.73613
217.45839	-15.72234
236.58948	45.51147
238.08894	-9.67951
343.62473	-27.75597
266.99728	23.04634
8.48947	13.45348
126.27801	34.19823
73.33952	17.3753
119.7458	17.41589
145.33938	-21.15944
92.52068	40.39849
338.54566	-13.77622
68.94638	53.96164
152.58985	31.26872
240.24821	-18.62558
10.38587	7.80788
54.1752	7.646
38.29309	37.13553
130.43858	-2.09252
240.98559	22.30565
18.8485	-5.90089
43.68529	-41.68887
24.0717	33.74272
26.23937	23.70671
81.39268	34.20427
95.39573	27.13821
194.46088	-36.97345
338.71193	12.67824
10.57393	-49.54411
50.44186	-0.78912
243.30271	55.15733
258.99967	-4.64166
227.64984	-28.46996
13.22982	-29.40209
121.91931	20.17914
161.1985	-17.35599
148.46817	-8.78094
53.65443	9.16701
157.28239	38.67402
317.21781	1.40498
350.42873	-21.80957
142.01961	-1.93057
55.45221	13.43075
303.63446	-32.1698
234.53981	0.04689
24.7266	-36.11796
73.70838	3.44095
112.48694	35.46238
329.75267	17.26671
345.75743	-1.9293
173.34189	14.23175
200.66993	-20.62593
307.14763	16.07501
18.1876	16.97629
10.17423	1.18976
111.42074	59.3905
209.90995	34.44945
233.69757	-28.69301
241.90687	7.20598
2.43135	13.27882
353.16505	4.69921
129.30356	-8.95865
2.18301	3.31742
12.73277	26.5657
113.36143	10.37973
214.49732	-11.8637
31.65153	9.22966
51.57036	-14.19582
92.87797	39.44719
133.98695	7.03393
67.82359	16.93938
257.09711	-4.43402
296.35955	-25.50782
96.28365	39.85961
131.32685	2.65655
216.38476	8.38031
333.89246	11.06473
152.13738	47.12731
10.91321	7.34144
191.50669	8.98049
178.40898	-9.63332
258.81741	25.97389
301.07519	-37.02454
227.0232	11.49107
317.36338	-45.1875
124.57736	22.6213
131.84932	10.45094
209.7218	-25.90665
224.77866	-35.25727
116.49743	29.73341
202.32003	-12.89668
27.16873	-14.77323
33.2077	-21.46432
228.51998	41.94428
243.96076	1.66307
221.57419	-14.29864
331.76371	-28.2093
355.16756	-4.56942
332.7205	17.02945
127.71156	8.51946
273.93665	37.93884
212.97866	32.30997
14.75361	-21.53659
359.82977	16.22515
98.07649	43.15782
351.3412	5.67744
202.70042	13.87081
317.81387	14.54386
319.51328	0.3184
323.40661	22.55529
166.00718	34.94936
350.32981	38.42137
1.4038	47.77724
25.23937	31.00802
304.11791	13.65741
340.75728	1.58356
139.59735	38.29729
144.58701	13.17816
53.79106	14.74468
305.81641	-11.42578
24.59099	11.26958
20.76555	12.77142
112.27292	18.51996
185.04418	4.03882
246.85566	21.01895
357.6477	9.78839
12.2611	43.0706
177.57916	-21.92045
238.18376	23.11156
129.72961	23.37659
228.58374	-13.06794
28.7887	2.36179
21.71311	5.62632
212.18234	-14.67235
183.80895	23.7029
270.59378	10.151
291.69408	16.012
178.13967	-7.36181
6.63525	2.70544
68.11312	10.62901
126.75463	23.38308
31.92503	28.80719
62.83821	17.91469
238.08127	-17.67996
38.58509	20.35954
247.89118	6.14687
291.79433	-24.96165
313.15618	-15.68792
260.78464	12.69363
314.51641	8.49132
322.46352	6.77264
52.31855	-7.45891
106.26278	49.08691
177.82072	-2.5649
180.74156	10.69105
12.45442	25.64169
150.87102	31.42822
222.03683	14.29176
343.05372	34.3519
322.03126	10.48401
22.74614	-28.88448
338.19215	23.32387
59.00708	30.90546
46.39228	30.3395
18.25066	-6.75655
209.73209	-4.41143
294.84133	-37.7467
20.5479	-32.9011
59.6074	-7.22509
62.33102	-31.4638
125.72544	44.12199
344.09978	-15.11168
76.18763	17.9502
71.50013	-6.89881
146.17282	9.78004
241.00081	54.21462
236.43496	-28.23717
43.70189	-4.94633
18.80256	-24.32239
296.36373	-26.26945
4.43504	-21.69648
48.45126	22.85859
11.22199	-12.6177
136.04664	52.25768
152.79942	64.57664
150.37623	6.14256
121.48225	23.66287
348.07096	-15.20018
162.44112	62.69952
114.54468	25.96425
