185.48516	-1.78444
57.03437	17.90987
127.06187	35.03867
34.71266	14.37064
15.16608	16.45822
141.02447	23.60658
162.97282	10.20971
173.58043	10.81338
59.9024	16.93004
343.25617	-19.94277
66.69166	24.85861
77.79724	3.08206
42.66935	12.09137
205.31357	-17.1255
215.31277	-7.40377
338.24523	-16.24293
30.15923	12.18562
218.09895	-14.46828
22.89831	23.56761
5.32352	-9.99651
65.19814	21.8175
146.28717	19.57368
223.51956	-15.09112
329.09831	1.99585
334.03685	23.27835
13.73886	1.02754
51.41846	36.81019
59.10823	41.27135
165.69596	-6.46102
166.19558	2.01208
163.66271	-6.28232
186.97801	-4.85975
211.65029	-9.81587
221.13524	-10.88032
23.89019	37.28555
23.32895	24.04828
44.9582	1.86269
167.28453	-0.59675
201.83726	-4.13727
184.96198	8.76638
21.99049	6.16249
6.23311	23.63742
56.78174	5.4286
144.47121	7.08209
172.4162	46.72877
217.53652	38.72025
235.35944	-10.1227
17.12482	13.87571
37.03518	-7.39066
124.91817	19.25579
140.47786	-2.49864
172.77678	37.94603
156.96687	-8.25554
231.84548	-0.69559
218.30995	-16.49218
252.50196	23.81649
322.5336	2.79594
328.59999	-11.27087
349.99219	-3.45509
340.55265	26.16662
23.63538	14.06746
17.73243	-19.62106
17.27412	20.04464
32.53389	48.68044
39.97844	21.04582
54.82121	11.22129
111.02237	37.25978
113.29299	44.99835
143.42609	0.00063
135.67339	11.99533
153.5754	20.24188
141.79374	39.46485
158.68308	39.06764
144.48641	-0.97251
158.76405	-5.23863
184.86125	12.32373
202.24813	-4.17485
232.81687	-8.56166
8.28796	-12.85816
25.41607	12.11144
75.0036	13.28717
43.34127	23.66482
68.2258	30.51729
49.18636	27.68056
56.32627	30.87597
56.15387	10.95405
51.60004	27.82317
53.30472	11.98928
77.21985	5.97155
77.92624	32.35053
59.49701	-17.84643
5.5615	28.98327
138.36579	4.72717
139.28005	15.52253
146.24137	28.76008
105.90612	18.83359
157.09066	23.0362
174.35289	21.71025
191.84649	4.83474
220.04642	-10.87058
207.02651	-17.31145
207.36758	-0.41881
239.2498	4.73785
240.46794	-12.38936
228.722	-1.89937
296.85779	-30.90307
327.07777	-31.59431
337.96493	-21.94155
33.33127	4.40615
15.39754	7.77521
13.28553	4.88277
349.9228	15.8323
151.83025	37.3493
32.94323	20.32651
29.0375	20.58091
43.89061	28.12683
43.58788	37.45915
61.8664	21.96785
47.39286	8.1347
32.79955	24.99009
48.21319	4.56274
50.52915	31.03512
159.54681	27.95468
122.26122	22.76172
137.1546	14.72325
129.01313	15.84817
112.99129	45.78932
208.39313	21.13725
229.43292	31.6188
179.61781	-3.23498
178.64881	-11.56317
246.16147	11.84544
222.7081	-27.40501
297.42066	0.98916
50.31455	41.78515
63.9927	10.80144
38.59234	-0.84213
44.94472	38.27118
46.90015	22.25389
48.50511	18.24142
18.40439	5.5115
79.68507	12.9367
52.58915	31.27953
100.91745	33.95027
155.98342	21.24127
104.71443	32.39318
166.69097	-4.66779
172.81263	36.77495
178.0085	-66.26971
179.16408	7.4713
224.22026	-2.26421
247.22816	28.14291
325.00423	-9.38996
300.60172	-4.16624
355.29701	5.35106
337.57307	10.9297
11.53854	-17.1335
24.31687	3.60362
23.26763	-38.93689
91.06667	17.30459
54.97717	26.36079
62.44401	30.91414
76.50626	2.40185
90.59511	9.84998
118.44702	18.18504
124.47117	42.54879
174.05038	6.75974
180.3959	38.34846
228.36502	26.14123
206.2612	5.53152
250.85631	-2.41567
2.728	1.63822
332.58818	17.06173
337.52012	-11.53023
31.07236	18.50444
29.95131	13.29445
9.95922	1.02444
357.31058	8.45253
32.38181	11.95429
16.11137	26.52045
38.3709	16.46434
67.78629	1.31748
75.54274	24.43349
125.58209	24.48326
108.35464	29.06324
136.02644	27.65972
143.17076	19.19888
142.6674	35.70153
222.47469	25.6676
246.80935	-6.2206
37.25857	29.20634
335.79397	1.87295
312.34452	-14.0848
8.06202	3.95649
17.67966	-5.23026
29.92058	-6.85124
25.34109	5.99317
348.62212	22.42351
35.28003	17.15548
40.73236	3.59468
57.36719	17.70471
8.55503	21.84744
49.92934	-18.57757
24.38933	43.95372
89.03116	27.53488
81.06074	4.64756
87.35119	12.03533
77.75513	21.48791
140.43864	11.23831
281.64736	21.08195
11.24222	-1.06045
34.09279	13.66838
47.26209	16.02349
165.81115	28.61338
211.86517	-7.92642
174.80885	17.22827
1.57979	26.71151
346.43681	2.91325
118.39075	24.41665
73.29442	15.5682
199.84701	11.17712
13.09666	14.56949
17.16995	24.20151
32.94739	0.9963
151.95791	17.82312
174.3269	-10.78023
15.67525	12.56463
160.67595	11.11658
224.01864	-3.15506
302.63289	-28.9699
58.1148	-2.75598
216.674	-7.13562
224.00857	-32.99201
219.3104	-13.83976
33.39764	-9.57155
128.20451	8.74036
358.10028	-8.4425
72.7539	20.86742
75.23283	25.96185
137.64676	15.0962
162.24433	24.08986
159.34555	36.59468
207.01028	-4.55056
137.63251	-6.98254
63.12054	17.66819
52.89727	-1.09632
120.68404	14.70606
137.30794	13.51473
134.05488	8.11948
325.95303	-11.10515
309.36754	-4.52194
351.78287	-1.09291
343.08816	-5.14338
15.00596	6.14083
34.92237	2.81778
47.47327	31.87244
55.31897	35.00601
57.22266	28.21815
54.802	12.32707
44.5604	13.33885
58.2664	24.10947
126.7614	34.61168
233.5082	3.47868
238.33718	2.90743
270.54946	33.31348
325.56399	-14.18235
341.28284	6.06953
16.95056	-13.90042
355.36066	5.01187
262.21192	-1.88959
301.65808	-5.36278
44.26826	5.53342
69.95352	19.10323
64.80972	24.94464
59.7628	19.77927
76.49436	18.43801
118.74948	11.27728
202.60983	7.86727
260.7036	12.53577
324.22642	0.06047
317.79262	2.24901
14.02195	-23.31584
81.7069	-20.26148
40.76071	25.10484
49.0526	17.62742
64.63116	20.74457
131.4392	30.31497
139.00058	7.08398
164.22664	-0.76658
174.85584	3.4433
164.49248	-7.73498
202.80038	28.71214
209.32681	-13.78404
239.48262	12.3819
227.04594	24.14444
234.81243	-10.9749
209.2713	-2.05581
326.22088	1.08439
342.34079	16.54722
23.0478	4.30673
46.87828	4.14161
25.90433	-1.24067
347.58663	26.57929
70.89139	34.86445
133.55597	29.0769
124.56421	26.87938
133.71748	21.15985
151.683	14.84663
194.63005	19.12973
164.94604	3.67262
159.30485	15.22851
172.28055	-1.65814
163.63811	-1.41899
202.65794	22.23298
239.81306	-3.93833
249.45049	11.68187
6.46037	33.12353
90.26955	21.38923
3.18871	47.21999
349.03286	19.43931
12.87713	-1.12658
56.17258	10.42896
45.92874	27.75763
36.96294	15.78876
70.68268	56.24129
51.79352	38.2381
142.16401	32.11316
124.88115	5.19312
134.29568	17.44756
145.74129	26.4996
209.9465	-5.97234
206.81534	-15.64454
191.53715	14.52332
211.63282	8.20975
173.35298	12.15725
244.52065	-17.48284
306.66698	-0.97177
339.79279	-8.26249
334.87813	13.80177
15.71152	12.83668
28.74312	8.98653
22.28198	9.60989
47.16868	19.4572
53.07645	21.81238
26.31965	30.81469
31.3652	19.6106
39.57871	32.62667
52.98846	22.84129
47.22026	29.37121
116.0271	23.54049
112.00399	15.6944
129.40429	47.28502
195.52571	31.91448
265.1998	21.40493
210.90348	-13.84893
237.95653	5.69232
336.20733	-2.26936
342.22766	29.20855
35.20385	12.02854
29.97517	15.04695
28.23742	8.55427
26.31347	34.13547
55.01228	11.23907
33.43307	4.14996
24.22132	7.04924
87.98541	4.87976
127.1962	16.98656
163.02372	43.32651
254.62872	11.99452
235.46337	27.14344
330.37516	17.91802
338.88502	1.39889
10.5454	10.54448
336.70482	19.74651
27.20571	4.43892
324.80072	-11.35223
12.24835	-8.78369
26.66267	-7.60024
9.01241	3.05292
28.26271	32.93551
48.92374	34.00432
55.60565	13.12153
105.20153	43.16472
65.43305	21.07142
62.50293	28.03303
125.06776	28.01499
146.68081	7.552
133.94679	26.24703
145.08948	19.76417
168.24654	47.63004
167.79439	31.48042
176.36963	9.54618
168.55622	6.03474
173.50233	18.76595
194.7499	13.37549
168.34153	45.75722
169.42769	17.69968
182.47063	13.62883
199.36977	-14.38435
247.90539	-11.23699
154.24569	21.0237
309.55775	-5.3547
330.63187	-12.64833
125.7604	12.0452
15.82569	14.8468
30.09099	-0.42801
344.07315	-9.3007
54.5968	5.86537
77.17802	-5.07575
68.14308	13.01706
36.13232	-9.73706
19.2699	12.48368
16.60561	5.68632
223.90138	1.13265
6.25858	3.68433
19.97917	33.75796
154.08317	13.57406
192.13345	4.84796
39.10564	7.44394
15.69691	3.86401
71.06834	21.98277
179.7954	23.83755
32.66166	19.30877
170.42358	0.36747
252.56186	40.15781
163.25681	14.03445
156.00939	7.06789
40.84627	11.2224
245.46074	-21.00358
30.22278	4.93699
59.07211	10.07362
89.70039	26.5006
108.66205	15.6491
54.54483	20.61673
89.19111	19.42638
151.14961	32.07817
26.87675	32.03461
87.50485	3.07795
153.01325	14.40563
192.79808	-0.97647
220.0017	15.11226
336.85003	7.60794
19.95329	4.49893
307.30671	-0.81047
58.15533	28.74166
72.09358	7.61353
197.9552	49.10605
187.60017	-19.91991
280.99059	33.08916
339.22294	-22.08141
347.25747	-1.9876
53.16245	34.41765
232.91051	1.1422
240.65375	-2.72038
278.04107	-9.0205
352.07484	6.73067
143.46328	-23.90744
7.14652	26.93462
16.38425	17.97658
130.20786	29.92531
115.75959	40.80917
141.43968	14.08248
155.5869	9.98293
137.31587	19.33164
180.12976	14.78259
140.31042	4.84962
196.37865	-16.77971
228.43871	22.21824
312.58576	5.65532
16.48592	33.94797
338.3506	7.59719
18.28327	-16.77193
337.56042	4.25796
16.09436	16.48803
41.83446	6.70135
54.83773	21.2048
68.99784	21.47769
116.0366	26.62497
144.56917	30.06468
111.03621	22.13865
146.78852	23.3034
132.2776	11.30237
92.53908	55.6668
179.47024	1.0244
191.53191	-26.13691
209.50507	10.01566
222.16591	-23.46786
246.26335	-1.40763
21.34179	29.53389
354.11951	-7.53214
154.22314	4.83872
10.3517	-8.08771
348.68265	13.16743
354.85567	-9.07467
48.88858	-12.27126
9.35547	12.22169
113.54566	23.41732
64.30848	32.1498
57.57984	3.31543
158.82695	11.57037
186.1507	10.50944
176.16523	35.81974
152.33397	30.03979
182.35639	34.12464
130.67602	12.32355
207.88838	-17.06359
249.83072	11.06956
229.02083	-20.55114
248.08321	-20.15968
340.97474	-35.46719
341.04028	22.19431
349.78432	3.62606
338.07401	22.42826
8.73508	23.49571
45.90162	10.82285
45.34171	17.99797
54.04383	-15.24096
43.26509	-29.22487
37.00593	3.63767
99.52615	35.26998
123.25536	5.91607
125.04301	6.14017
186.33481	24.66678
134.30435	24.91012
207.46165	-7.61472
188.70665	20.29142
214.7006	-6.09064
209.23324	-22.3628
242.14065	16.64506
31.63391	-18.5792
316.06859	-28.35342
349.2775	29.63526
269.52557	9.21928
37.83132	21.58289
29.90241	12.60557
49.29033	17.61031
131.78565	35.67657
19.27785	32.03888
33.47332	13.43705
144.589	18.04717
195.083	33.7443
201.45695	-6.49856
188.13779	28.75213
227.83475	5.36197
225.07	-1.2018
241.41025	23.22401
274.13221	32.56706
344.15197	24.08927
334.86553	-3.51377
207.75187	-2.25609
8.58772	-7.85672
29.15412	15.65063
18.17738	-2.49936
76.47555	14.69848
64.99286	21.59119
46.82692	23.05213
108.06378	17.36774
53.8306	7.45531
76.21577	-10.31261
164.92642	51.19791
135.53162	9.06645
150.13182	1.85317
157.7749	14.55335
175.39067	19.76687
165.49471	14.19973
278.7308	-0.7485
32.91525	33.02371
47.50458	13.96193
18.98488	11.26619
62.36247	32.54633
33.00742	14.83285
42.17177	18.71771
210.96628	10.61442
188.59028	15.94438
229.28995	-7.72303
126.32864	32.76066
156.39065	-2.24659
163.94089	-11.64872
222.87808	9.65521
67.59224	22.41891
125.77979	49.31268
126.68492	29.9867
129.07395	13.912
225.48817	-15.29152
332.62611	-27.34725
210.77953	-5.7944
6.63904	-7.55053
12.45147	32.05943
175.51886	-12.70716
184.28984	26.83023
180.62299	11.58515
337.8217	19.63753
355.25109	4.25072
30.79127	2.79189
26.01643	33.2783
61.28588	-17.02724
134.47253	14.87649
104.29162	24.67162
189.03755	42.53091
119.83539	44.73051
182.77904	-6.74987
72.95408	-5.66909
34.66169	27.57979
41.5419	13.16181
60.2759	25.15178
65.81957	19.88932
128.96275	32.94197
170.0011	21.3248
176.91056	7.42751
287.6621	2.51412
345.74474	-14.17258
44.16619	-39.821
355.35586	15.75199
106.71403	24.96528
24.27032	-1.73351
18.66281	43.85269
27.87221	17.93243
117.57767	30.25872
59.89654	27.686
68.08313	18.20781
111.61231	14.89675
160.18582	27.38395
138.61568	21.02765
166.32814	-7.76893
188.31687	7.32687
225.13242	-5.35734
184.43691	-10.0105
249.32876	8.23122
281.84754	22.97948
11.34891	-1.58408
51.90034	22.32648
22.99143	31.29273
80.57909	32.32136
57.09873	23.40539
102.27616	-2.4229
131.00745	30.48687
152.58961	29.40662
144.58206	6.96168
148.15414	45.72214
168.54904	43.92427
177.39376	16.58866
209.82528	2.47023
194.68329	-5.57426
6.13556	12.71477
21.86344	-4.8087
12.14407	-16.10062
35.89949	14.12131
31.5102	-3.34519
45.52077	-9.17234
128.29494	39.96221
135.80343	20.41874
143.26936	30.37072
149.2176	10.08678
148.62733	-1.634
142.64218	3.82462
211.24323	13.84513
161.58879	12.25501
190.09216	-6.08618
138.56913	0.14789
235.1285	35.48171
209.32102	-0.65554
274.72878	-28.56433
337.46871	-8.11538
356.62305	11.31987
42.27484	19.84859
129.96422	10.68966
60.55554	18.44129
60.15242	3.17153
29.40761	16.70039
73.62516	-5.39739
64.68345	11.67064
111.66181	57.14967
56.35174	13.9926
146.43947	23.94401
149.87565	36.88298
150.80399	37.34308
195.18771	25.94417
165.7968	22.38664
227.80218	18.17747
243.9909	16.79081
280.73763	3.39021
65.85737	6.88458
23.06372	9.05398
23.38884	-4.45697
54.72202	14.72127
7.68237	36.54474
54.82957	17.82123
58.84269	25.89105
87.1719	58.40364
137.55778	56.33144
182.17224	17.94123
221.39626	32.08619
265.47849	-6.23671
350.52697	-10.53123
73.60535	-18.84647
26.75635	20.14485
62.52509	10.35652
32.22587	6.23161
77.38055	5.41461
50.79993	17.38544
80.08367	17.87226
55.83914	-4.83089
3.41587	21.64261
84.58253	37.5559
132.47789	-14.39052
149.00757	23.61274
162.51049	-5.90954
172.15786	-5.33596
159.01403	18.74812
181.62488	-9.6724
198.48964	33.44918
336.06444	-0.72622
346.38016	26.85235
344.92727	3.43352
21.02341	2.03531
50.76422	19.30265
4.75994	14.13601
12.22735	22.25686
53.21607	2.4238
31.8946	32.58076
57.94829	-8.22223
91.33179	52.25253
41.56843	9.87698
111.36415	-0.21679
45.82544	19.93121
174.01243	9.29491
232.7353	-9.60242
29.55839	24.5728
46.17887	14.76273
117.39262	13.38109
202.07301	-3.7175
110.11919	27.8588
137.77212	-2.77829
186.13274	5.59418
133.80378	23.23512
165.77055	10.26338
205.95775	-17.43991
240.42346	0.0934
12.11349	6.0372
54.54582	19.135
182.95712	25.08596
223.66262	-13.90368
218.10016	-17.60861
229.02596	-16.27926
20.06755	8.99819
81.26357	-1.12407
198.06443	1.11543
187.82316	2.97078
13.78804	15.68297
9.88365	35.10459
34.21699	23.48683
68.27008	25.94928
151.95832	3.322
164.80142	3.28127
179.56081	18.82222
309.75454	9.22452
350.84258	5.62965
26.2022	15.03583
77.10838	10.41425
66.6118	-13.85923
74.42875	18.04229
158.1574	34.93002
176.78208	7.69166
321.20091	-11.44628
350.90086	-10.1829
10.27068	-10.42352
17.87986	-3.26726
39.9482	10.27813
92.0079	33.39703
152.58228	-0.00948
128.33085	2.58189
170.73255	22.94987
207.97187	-0.57684
191.40411	-5.49435
220.89241	-4.57725
240.60263	-23.63738
18.18596	27.31457
23.63027	25.11824
42.39379	3.85093
70.5931	53.41307
42.21856	26.26542
71.4454	21.32475
138.2327	-5.85264
157.82356	6.66235
214.82629	4.70717
337.08687	15.528
17.38729	27.45297
3.6918	11.68201
23.87826	12.77917
50.22948	3.79477
62.50943	7.43438
198.71787	-23.63649
190.39714	-20.1823
184.90924	-10.20466
174.44868	-15.26133
179.74076	-23.18923
239.50074	12.61737
297.33984	-33.55453
311.61872	16.37215
333.20336	-38.31408
30.58648	-4.91329
12.87561	-9.75807
146.91862	33.03977
54.36581	23.7558
20.06521	15.19833
21.57755	7.58613
38.54647	12.25941
53.84391	-4.70173
61.36254	38.87632
76.99033	8.79124
34.33495	7.08433
110.81525	35.05242
142.38483	19.67908
160.62971	-15.42565
185.56183	-6.87506
191.96824	7.92636
254.40011	18.33511
344.34534	-5.10711
5.74468	8.47027
53.99619	4.39415
226.12279	6.59789
4.79228	27.45786
351.28965	40.3058
28.38785	19.83269
12.10777	21.66719
74.7996	16.92874
65.26358	10.5948
78.05985	8.45227
130.56153	41.27742
118.15824	27.70452
118.49667	-2.83796
156.83166	-6.57405
158.03098	-2.41267
221.25275	17.9165
215.47003	3.81493
268.46709	35.86952
216.75823	-13.90239
306.85044	-3.15412
5.3246	7.40124
27.57877	21.15754
15.31126	3.72372
57.99802	12.06501
37.06407	2.03562
66.63136	5.07117
56.65111	-4.54679
50.41165	-12.85701
44.88908	32.9879
78.70858	24.25112
83.75655	11.69879
209.372	-5.68492
187.63936	-10.34007
221.17064	42.82969
211.12051	27.36773
315.99394	-17.31431
344.38443	7.50951
7.70099	15.33365
343.42416	40.73072
50.15398	8.75611
57.47025	24.66565
111.62805	25.79218
116.31737	29.52672
137.38551	14.1562
141.77368	29.38408
135.10035	19.10643
142.94446	23.57629
149.79214	1.73919
189.19881	47.00399
125.96339	50.82327
237.84164	7.69455
240.16903	-8.878
230.49099	50.25506
312.45596	4.80232
335.84909	14.04298
329.46141	-9.79269
354.18639	-10.80489
346.54463	7.64459
20.73279	13.02427
46.75933	28.05034
16.91032	6.55268
34.16213	10.27318
50.31792	21.8298
57.36777	28.29094
21.71554	38.74957
78.12992	19.50565
208.28576	-8.0998
51.74355	10.04896
20.93138	5.79835
36.11645	10.44787
50.20962	-18.28307
194.66041	-5.10911
231.69218	-27.72021
58.03431	18.15649
178.19134	0.14851
160.0108	24.20624
52.9405	18.36253
53.25122	26.05387
120.6066	15.07423
148.48698	8.68807
46.90336	-2.88656
183.28446	16.68351
217.14619	-1.84842
43.6261	11.9367
333.42932	1.21854
53.76022	2.74534
112.29178	20.61358
210.03676	-9.60167
228.58982	-1.44699
292.43238	-13.35852
23.44535	7.56853
166.20964	4.8585
225.00094	-24.9995
46.97741	17.93302
35.81787	9.68914
74.54539	22.98752
179.69754	26.14631
189.87299	-1.99388
32.61724	10.31917
62.18185	-8.33805
177.99363	21.64484
16.25975	-3.62348
35.89899	6.14853
29.2507	26.88396
28.42642	12.01096
137.86767	13.15699
143.48607	28.83448
202.43799	29.74376
40.78794	21.24043
122.58429	27.4964
138.89915	20.7714
138.31811	10.68194
319.53427	-21.28106
347.16005	-5.33638
28.91552	4.20147
52.30324	28.65164
30.50046	28.61383
57.93165	25.40087
130.98417	9.19559
146.97077	23.77044
131.6992	14.51209
124.15903	17.23291
127.18671	12.6329
150.67176	-8.43737
226.57956	15.16268
213.79273	-9.73506
343.43066	14.81412
62.61898	28.24227
62.9792	24.93668
119.32863	-4.70346
121.78323	16.1197
135.06588	3.77827
105.3308	34.92435
214.91926	46.21594
148.12357	5.5097
183.58754	4.63259
161.91452	-1.31414
240.48512	25.55537
218.30112	19.1296
215.81262	7.99034
244.52623	5.96507
337.93211	-0.00582
339.00222	4.69812
346.94769	16.16396
36.3235	32.55143
18.12735	36.1323
41.27784	-0.25404
40.83035	23.22597
59.75882	16.2948
118.33243	18.88718
27.60068	27.17347
22.24218	55.238
175.49341	1.86557
313.97434	-17.90845
339.51454	-15.45816
294.6416	4.80911
351.57294	19.98373
32.17664	-11.2875
1.97546	-3.47587
85.21754	19.68654
51.5824	38.73543
34.23965	-3.98037
148.97775	-5.25031
218.43353	-8.15677
208.30083	6.13144
152.05123	9.28593
235.35901	18.37901
241.50962	18.48969
350.69566	41.2795
351.48659	6.26881
16.39567	6.03863
24.35096	8.95968
26.64946	38.24439
67.39342	19.4383
103.74286	32.47973
162.2586	0.53283
161.55285	11.02276
201.36743	13.92616
188.74104	17.47927
235.28286	14.06037
195.99936	3.94475
321.02151	14.88189
341.05388	-21.41755
43.74742	-1.56617
11.9527	-7.47361
38.20738	26.8513
38.1001	23.29978
55.01437	31.49883
72.98461	20.83611
73.97399	12.85945
109.45075	18.35824
133.14501	22.9527
162.93762	-21.58819
162.42121	22.06899
166.40702	26.97788
156.94405	27.45988
180.6989	20.545
193.24546	15.59833
183.72872	-17.9393
199.22278	-6.88301
320.96604	-15.18536
205.4134	2.71734
338.28247	-10.22799
352.44085	18.45269
27.09782	1.14647
14.25229	-14.7678
18.04363	9.32592
39.48064	19.74867
19.47041	7.48604
22.11899	14.44734
37.76037	0.78144
59.55083	19.64485
28.20582	12.2755
71.4448	55.85728
25.71684	39.71427
19.74097	2.25432
171.57926	2.46824
2.21565	-16.04795
198.83864	11.89631
314.63169	-10.46997
344.42719	12.43498
209.07892	-13.13755
121.38976	20.83117
24.40037	5.36505
18.35528	10.35939
155.47499	34.97515
30.40341	-11.85211
220.9429	6.53083
201.59671	19.21151
12.44841	1.97429
86.55259	25.42507
191.91238	33.08282
240.55669	-18.76636
259.75423	5.08126
36.60355	22.06713
70.67923	24.37833
195.05215	-5.73993
341.09634	-9.49626
34.12292	-9.01761
14.30248	3.19083
271.66468	20.41808
35.73026	28.31386
35.5372	18.81872
33.15729	4.1519
124.47286	25.26902
188.12456	26.39842
209.85633	-13.99189
112.11865	-7.26625
36.17859	8.89949
341.2589	1.58369
22.40959	18.67788
70.0195	32.29869
66.03216	38.01204
346.06238	-2.65042
329.64973	10.80948
70.09765	22.84142
340.70461	1.70635
54.91221	30.72854
62.41541	22.32562
130.13264	13.22514
111.14574	11.07457
125.29344	26.23641
162.65327	3.33093
172.1204	-3.6028
40.67937	3.23586
21.13088	-4.57591
13.81367	2.5505
14.51351	25.67096
60.54316	8.28982
60.17367	-3.53369
142.79251	24.43436
179.74509	3.38676
192.63569	-3.3229
221.74067	48.97523
157.01684	-4.60238
211.21952	-4.06623
197.03834	29.31042
252.99891	7.82616
332.15661	-15.34146
8.47601	13.34853
326.34386	11.52874
355.90994	0.30254
5.27624	-25.1829
17.23222	-15.83621
46.46972	16.20546
56.89045	20.54597
51.26839	19.07036
28.46352	17.57155
58.58893	38.76378
73.57053	32.0722
111.44814	47.85632
57.88262	23.62046
137.04027	4.9691
199.88475	-9.44499
166.08612	12.78634
184.94027	7.10393
228.67703	-3.82782
233.50851	-24.16567
238.40899	-22.81159
334.84934	-0.93894
355.04859	-4.95234
10.0154	16.52723
323.64803	-7.43063
21.53387	12.05677
29.7355	10.14744
7.74113	13.55319
42.37176	15.16651
105.46723	10.16999
170.35109	-11.48189
164.71607	25.9363
209.98328	22.87684
207.04588	-14.74479
221.58911	-15.64318
244.06109	19.1979
254.34961	-16.2705
12.55688	5.59602
336.59671	7.74286
133.67803	7.03411
60.67796	37.13378
105.7712	28.27329
124.49436	0.41016
133.25957	26.61908
152.907	34.89236
173.54465	29.73567
260.94662	31.1102
335.65426	-5.4129
356.26969	6.74107
322.40962	4.60464
21.90535	-9.76712
59.72328	22.26178
27.53044	19.60194
40.55521	26.82028
78.2488	-7.50524
153.92511	21.78706
185.90947	17.32869
180.87933	0.08185
231.68524	4.74019
314.33038	-9.23032
51.79273	15.36942
100.34222	-4.08049
23.2895	16.32346
17.99458	21.80567
21.91977	9.09535
3.01169	15.44387
61.94886	4.86735
26.74412	12.20579
32.48359	-12.72907
70.06086	31.44554
79.40127	40.99876
156.90619	7.90955
118.07638	24.91298
49.69502	20.41764
20.80473	-11.4881
11.97527	2.27242
115.23675	21.32821
46.04482	19.7208
180.3806	-5.27417
237.91569	22.97728
19.24485	4.14092
47.15026	10.06674
211.79939	-19.70228
216.27882	-15.3116
216.9071	-13.54826
214.73306	-24.45164
233.75335	-30.08405
234.34313	-13.92467
145.95935	23.06257
194.3192	-3.92592
183.726	2.17499
138.02853	43.85701
163.46635	53.77751
129.98501	21.05739
180.13826	7.27656
23.74002	19.75771
213.13695	22.29426
145.53367	16.59509
154.68942	1.24325
188.98925	-17.35426
60.73168	-5.65102
25.9768	20.90271
65.83123	15.84597
67.4228	9.24636
110.33842	28.22252
125.83209	52.18078
157.14666	-0.24295
212.50701	17.80069
325.87413	33.09707
56.82162	26.34349
124.71767	49.10175
157.55274	4.00466
191.33747	17.60959
21.63586	10.56962
33.2657	4.48784
52.9105	20.35925
39.97155	12.95011
53.60135	-0.79237
124.19093	10.76934
154.83785	-6.44558
178.71739	15.68302
171.45251	26.92967
149.95636	17.04356
229.07956	18.96183
265.17396	10.56503
329.61811	-24.41792
31.75452	31.04069
33.88338	12.82232
61.45372	-11.96145
76.97048	0.50519
56.82228	24.22669
75.9122	3.13029
104.77408	19.90004
123.54746	30.20172
130.90093	11.69687
163.31291	21.47599
156.68796	18.31255
197.67566	0.20927
237.23151	-14.56285
238.71179	28.63811
243.40715	6.11008
317.26897	-9.11988
331.36352	-26.35111
339.3675	17.1338
10.32047	14.67379
331.59151	8.12843
32.72829	8.91299
38.54909	-13.53769
30.26939	1.22929
27.60007	-13.006
39.86081	53.91388
68.68558	1.27418
85.38604	8.37016
121.86504	22.57429
128.85034	16.214
162.95368	12.79274
138.74517	16.36356
277.94971	-0.70095
246.26602	-15.34875
32.70957	22.76035
87.15955	2.75271
70.26694	19.69901
175.77094	-14.6333
244.46801	15.62671
200.8359	-26.52384
54.09552	24.8383
55.07316	10.5283
50.31091	12.15459
57.29383	24.06704
65.34736	35.8166
154.32863	16.40365
160.17581	17.31569
209.0144	8.47201
219.5383	-6.82079
209.52814	-26.10876
247.08734	-21.59913
260.33389	-9.07854
9.51737	37.28117
26.00393	44.25231
15.53695	-23.45023
26.44773	10.74303
21.35155	-1.23055
95.67055	33.4797
130.02354	15.62986
155.50684	18.77231
196.5287	-7.44444
227.72805	0.66625
185.40343	10.49584
307.62722	-9.03555
132.63155	9.3597
355.8013	-20.48254
28.98893	-23.86574
11.86528	5.01428
34.12491	39.46183
34.56691	1.42949
52.54689	15.27883
33.2387	1.83965
168.32147	0.81822
355.43566	16.28523
144.13108	39.4213
58.45519	12.5486
123.96143	31.95415
172.86656	34.53283
20.23557	9.08773
10.85611	26.60316
161.3606	13.59718
220.88662	13.03728
179.01302	-1.03776
130.89505	39.17435
139.89984	26.41202
178.17462	3.4874
213.63177	-7.26973
351.81858	20.1129
129.32905	26.18677
68.67321	32.32478
160.47527	18.42459
162.3836	-15.96341
175.66788	25.02959
332.20688	-17.06513
22.73799	22.48886
148.38705	21.24969
208.4285	5.18413
307.59555	3.96956
346.09917	16.82166
56.73516	-2.71217
32.29845	19.57675
173.06485	3.31869
115.78808	23.99477
98.86042	45.33905
149.60489	32.41105
147.3064	-0.52966
194.53328	-11.05432
201.45224	-15.30283
230.0722	27.04354
333.82451	-2.02658
15.35552	-6.99264
42.40982	19.80527
17.43626	16.9521
40.98489	-26.77244
39.77922	22.60901
168.54998	14.35459
158.03628	-4.94448
138.44634	-20.20475
169.86363	44.32569
226.95443	30.12775
238.75768	-10.86912
315.9969	-23.35348
265.99028	-21.33128
53.88791	12.55665
53.19626	1.40164
69.13607	27.35908
24.75233	19.79339
44.12956	11.5298
69.07703	23.66153
76.19659	2.85281
53.23924	-2.91432
65.07055	30.27874
79.25707	23.76826
145.61094	52.93152
177.78532	29.22918
134.06271	46.49358
147.12404	46.49521
245.47572	-20.53622
336.13001	-7.14423
13.17957	-8.99741
335.97607	-20.23869
353.211	-4.43126
356.43334	5.40409
36.88963	17.55594
45.49804	16.99714
44.19901	11.59638
163.67902	3.73035
174.16438	21.02418
192.36913	57.02622
188.87747	8.58789
264.59626	5.63476
180.313	8.72005
188.85921	12.10934
235.86969	-10.92142
347.05931	13.26178
329.77942	6.90422
20.70969	20.21119
191.22973	40.02612
21.14637	1.30295
35.12335	17.29556
61.67971	18.0711
156.72103	1.16775
174.56974	15.33094
358.60371	28.25744
294.70667	-37.37414
199.14822	1.84068
37.87053	-6.39804
34.93388	23.56357
185.0616	14.93776
158.90357	26.43317
171.65182	39.81933
143.94916	6.31984
177.02963	2.73277
218.40304	-11.10842
229.95039	11.82431
210.84659	37.42751
302.28702	-14.58266
310.25851	6.05736
12.42934	-0.27477
6.62832	-3.20639
24.47404	10.82384
35.17167	37.35624
40.83799	27.07992
57.96276	-3.7549
109.02496	29.76456
177.46682	-0.46092
43.21826	20.89931
41.94718	18.99041
171.21818	15.45937
210.80871	-9.44271
217.90588	-9.71707
169.87097	1.71246
159.07173	9.11697
141.28287	41.90685
176.42356	-13.87022
21.59885	7.57369
87.49205	-9.40052
53.54329	6.31579
179.16222	14.6643
42.43194	10.95927
106.77961	33.38074
129.75197	31.29843
235.60826	3.71672
143.83067	27.61755
188.15682	4.77908
260.71994	39.54604
40.64725	3.36378
31.61611	-8.89993
122.64752	37.11814
183.71191	6.42221
99.83157	8.64012
39.25089	17.05006
337.20564	-11.13888
52.8516	20.86854
32.62018	-23.95427
117.65839	17.51032
171.46846	-2.38704
162.08431	13.77356
157.03439	-0.49567
206.62157	-8.54157
246.07709	-14.59553
118.62883	55.19472
225.5736	15.0723
348.00804	-10.89596
10.39966	13.8725
352.835	1.7583
35.61862	16.70925
32.86592	10.37477
53.70951	50.01756
73.38972	25.66684
60.30637	9.37151
68.80486	20.83753
258.75894	15.41978
270.03619	18.28246
305.09512	-12.09653
38.26795	8.78696
26.242	28.72174
14.93426	9.51868
130.63361	4.98398
91.31215	35.0376
56.10038	21.33045
54.59612	-15.63977
132.50383	4.26206
44.96359	31.6783
159.93687	30.12079
213.94184	1.44023
298.8831	-26.49855
329.06702	30.9937
3.94248	4.05148
35.25079	13.19003
38.22165	36.77107
35.75772	-2.01281
126.88895	30.45507
69.93178	27.70979
79.00671	14.20191
71.07539	12.79304
138.06127	37.717
160.11813	27.04781
145.3514	19.25383
157.47582	14.13409
172.11905	5.70364
129.10178	-5.01743
246.94047	-5.86326
208.27885	31.55829
346.8427	14.96892
352.74659	15.10201
11.81914	-4.43533
56.06036	24.18599
89.73102	28.35858
110.8689	29.99384
50.47038	20.05979
18.54362	21.51929
15.90366	-3.0043
174.6355	14.27643
246.55167	-21.74252
347.3161	1.77378
111.44952	41.85964
348.97788	-18.70023
62.31078	27.83306
209.55446	-2.88462
24.32784	16.67845
148.85117	15.82223
199.2402	-6.05752
67.35967	26.00092
112.64943	16.74913
146.10911	18.90359
154.15398	-3.26003
59.48767	12.34629
56.70374	19.57847
134.90862	27.27923
228.09137	4.40232
261.0796	23.68898
193.52484	39.401
183.44209	-0.33272
199.27734	0.93246
333.49394	12.62882
342.02299	-3.72918
337.50842	19.87905
40.22787	16.50412
45.95865	28.48555
202.24962	4.32944
227.6485	35.3183
212.38976	-5.06053
219.79564	21.16183
7.19631	21.97334
312.99999	9.31802
342.13892	7.0912
13.7344	29.43595
24.85055	8.11691
17.57145	43.79769
29.39754	-2.97487
80.63577	35.12532
130.76107	14.71371
181.94624	30.72381
163.64757	25.63476
170.51507	20.28257
169.23554	-28.39909
198.42064	-10.5009
258.94286	-4.15831
197.13731	2.97285
317.31315	-10.09502
20.63178	-5.60816
20.70185	8.15786
57.43287	-19.54869
35.00951	5.50476
86.14543	29.11664
51.49549	16.443
109.94257	40.34043
109.46631	36.60475
232.05053	-6.51747
319.26538	-23.37347
300.2594	-33.72572
326.14155	-4.5247
2.15055	9.5237
31.18433	14.52133
20.94173	4.53762
133.58752	33.72635
165.82209	4.60324
134.11556	4.74092
106.98069	-2.95054
7.47523	10.15508
331.78746	-2.80811
19.41303	-1.06715
340.9711	1.40273
55.84011	21.33255
68.50574	10.8
103.24999	49.27531
182.43562	-15.56721
227.02395	-16.53574
236.09303	-11.64399
286.22272	-9.15859
347.84948	-3.59368
39.84916	13.79859
75.50229	25.21377
66.46752	17.82873
73.2761	21.62831
112.37653	38.87529
71.97735	26.68309
82.14599	5.25016
172.29828	58.6832
175.13078	36.54407
190.07302	-7.25281
332.25593	22.1443
32.13865	7.30346
12.04139	2.52072
38.8356	7.5977
79.78963	-2.62555
67.73911	19.79386
70.91363	27.35053
78.1299	24.94689
7.98472	-3.15186
250.30821	3.80861
32.58276	13.00751
194.95506	-11.68198
191.05776	-8.35922
204.90019	2.7924
307.31167	-2.86603
64.21232	21.69733
151.71715	19.91962
258.65218	-2.28321
56.03766	31.27416
198.73936	29.09233
219.43906	-13.5941
209.11604	-1.66345
237.17626	21.98436
58.93615	-4.26621
351.52098	-5.03929
344.88996	-0.38391
342.01841	-10.68234
33.59327	23.58232
20.15549	5.60047
77.72221	13.39848
161.354	25.40864
196.6177	19.00111
357.23675	2.21203
12.40014	2.1975
349.8715	-7.82233
49.41913	49.35289
33.78716	26.46438
47.6216	12.75416
78.08693	3.85262
84.32047	28.54682
143.86024	17.92522
165.05048	11.81245
184.94991	32.64434
213.0893	9.97192
202.10706	-15.42852
334.94689	11.53537
339.1865	24.91941
38.63782	3.08128
32.28207	21.63739
35.80757	9.96087
208.23798	30.00601
231.15778	0.88308
156.45549	-10.48741
179.01162	0.46378
190.93826	-1.42136
223.4518	24.25816
317.16598	-16.33509
235.36139	29.6558
31.03246	27.41192
21.42785	50.6609
68.27121	35.95011
77.52705	2.22737
62.32729	-1.05716
39.86747	11.86746
81.47496	12.75063
224.43878	55.65613
240.45158	0.86067
226.22709	-13.51876
354.28205	-17.04895
8.94127	16.08679
52.47096	-9.5696
26.93447	8.29259
65.14621	9.59363
184.50582	-17.55699
140.64671	25.79412
112.74741	46.81693
237.00593	13.19259
338.94223	11.73689
31.05618	14.32721
22.93812	16.16851
48.78738	12.16229
66.77778	32.01374
188.7177	-9.01283
238.90973	5.27873
302.11055	-6.03106
101.69914	-13.60012
11.53219	-1.53581
38.41757	3.39852
129.03566	16.9365
61.99512	28.11981
78.31433	27.54382
122.69511	1.47991
76.55892	25.26447
150.93274	38.44199
226.53981	-11.76757
138.15641	14.8885
65.92742	20.59595
101.3856	35.37446
134.3997	0.67411
166.26616	0.31695
318.82566	-13.06811
196.24884	-19.51269
40.00064	-4.5092
40.98346	15.68242
157.43004	8.16799
174.54875	12.81068
191.88167	4.08838
29.2828	12.33961
12.46044	7.51293
7.84777	-12.58115
25.8414	0.25442
172.43581	1.2236
212.5936	14.32145
172.88151	14.77684
126.89145	15.99336
155.69384	16.1772
199.71282	-12.2856
352.35064	4.87932
42.76455	7.21452
18.15554	4.58179
228.03547	-12.87595
348.68998	56.35538
25.17164	-1.03486
44.54531	35.19089
192.21447	52.36274
233.55332	16.98638
306.90688	9.81331
217.67467	-20.4172
2.98302	1.22577
40.08494	4.71729
122.27848	24.67089
120.75382	38.24663
133.54382	8.21674
207.33252	-1.43575
338.96851	-8.06811
329.74772	-4.83004
335.00523	-4.25897
352.52412	-2.317
23.21446	28.55419
118.14048	5.1409
148.15642	18.4858
187.53921	-19.36895
324.47145	-20.99859
189.20152	-9.9242
176.34785	10.15603
144.93395	35.63633
248.20139	16.02545
4.54722	11.35783
346.55879	17.41194
5.35926	13.68726
70.95397	-0.42389
315.67519	2.68187
24.81431	-3.21764
29.35943	-6.22173
39.45272	16.1633
76.77086	49.3303
77.24131	-9.59303
333.09766	-14.23099
142.01889	14.93908
329.80264	-12.69975
158.065	-5.80537
346.25276	28.5168
174.41796	14.4696
167.53874	16.99915
180.58654	-5.05287
215.56026	-16.17764
24.97449	29.97937
139.533	0.192
150.70503	7.75594
255.93701	43.77055
354.34182	-7.71267
53.42315	13.25705
143.51528	-1.03529
65.09124	20.87461
124.64834	17.47067
206.31388	18.50942
286.58631	-16.44609
167.19838	-3.27179
209.45502	-0.00492
356.8253	22.33649
17.22331	10.1479
83.11089	10.60203
141.0014	11.85216
203.89824	8.79927
300.97745	-23.49084
18.48707	6.90072
10.69153	24.33978
150.80475	26.9622
86.70324	-4.16871
123.97246	10.16033
167.61134	10.5841
181.38257	-18.73001
171.55959	-2.79333
163.43173	3.92981
203.98822	5.6415
56.26963	-9.94259
49.79175	2.67384
150.21251	-10.54427
76.00908	-8.96323
155.70518	5.74896
176.39953	2.91002
199.54176	2.41439
198.07862	10.41753
246.00221	-13.16271
18.15412	-26.71562
2.77733	11.01826
167.39274	51.69862
182.20385	-7.88507
341.36091	21.38673
26.80618	22.8418
153.72322	20.41345
206.50652	23.52069
180.09876	-2.61093
233.08419	-9.3473
94.36639	33.63087
40.75916	22.64116
19.11601	29.47636
30.52948	15.45802
44.34398	16.84923
163.24522	1.31281
176.7329	1.09135
6.11016	5.5766
343.63605	29.64109
207.59934	-16.8767
213.01812	-10.19749
242.0425	5.33441
69.49571	24.10102
185.40552	-12.28357
346.92081	11.93043
153.69644	11.63092
40.13218	2.82432
355.28079	17.47816
45.19281	8.15342
28.51311	32.83043
56.49237	28.116
183.82982	24.96286
58.20167	-1.49186
51.53707	18.87492
59.61013	26.03981
143.04564	18.47003
173.30061	37.93962
188.20643	2.3422
168.89421	-15.81054
308.36128	34.32117
134.81507	19.11854
174.31706	-21.89214
143.21519	14.80559
91.77196	-8.14615
6.59956	19.10807
59.44925	26.46121
103.71654	38.78523
165.37136	14.83793
136.30489	2.69499
204.15934	-17.14484
229.2867	-11.91455
17.99952	8.41777
33.80865	16.83718
14.96273	0.12621
31.51503	13.31155
13.64565	21.92029
123.61312	43.86642
143.04521	12.37717
144.05047	12.89894
232.30308	-6.95389
5.93071	-5.89508
346.28451	-4.50833
37.98013	-11.75336
358.89339	20.8819
98.55232	36.20721
108.7157	16.52661
205.92288	-8.22574
237.93801	7.38937
351.99686	5.90373
77.99148	16.47483
60.90942	17.04726
83.09215	26.27463
124.79042	17.56122
170.95604	2.41707
49.49699	17.85033
31.56304	8.32334
146.56287	-11.39665
214.77668	-6.70385
119.23612	33.90883
345.93554	-7.52221
17.71921	-18.10045
175.89385	-10.47219
233.75943	-0.27352
25.64179	6.23992
101.71161	19.7056
354.67516	22.41678
45.97657	14.02522
231.84252	-14.09665
330.48481	0.00359
113.42956	2.02455
27.73274	8.00295
150.16294	28.16719
186.13889	15.38171
329.66337	1.36933
3.01843	12.07873
114.24921	33.56193
143.98741	31.84945
160.17035	29.33058
328.52909	4.14181
355.46156	-0.50424
50.05347	25.32687
26.60884	24.94073
10.95558	14.48318
61.8528	38.17187
126.96911	6.29894
153.27182	8.47504
159.90801	6.89881
174.57558	-5.93903
172.31137	11.8133
20.61835	4.53485
72.98639	-8.3838
42.74819	13.20477
58.02696	9.75219
329.84064	-15.4919
334.31401	9.89829
3.86642	-0.86368
37.53464	14.36267
268.49559	-9.74522
357.53497	-1.34163
9.41554	23.23829
68.06942	0.52711
129.10525	47.9344
116.57343	21.73259
148.29505	18.24998
170.07411	2.86943
205.03341	-10.49266
210.29155	6.07419
31.84943	3.66783
42.26123	21.65427
24.00025	38.33113
56.08213	20.80069
176.98138	-6.18591
21.64561	13.71294
348.80923	-3.60603
192.23989	3.69503
245.77252	-11.9047
336.36921	-2.49589
140.24901	21.76731
223.32208	-13.74929
123.39834	17.54734
135.2546	13.56564
222.50309	-6.76377
353.47632	37.39841
120.53291	64.24965
150.00428	12.09048
37.82955	-16.48092
340.99456	3.54275
72.47957	34.10083
128.83259	5.56368
216.43625	-10.79013
175.57495	7.55075
231.16495	-18.08244
11.61788	9.90434
158.24919	30.26281
69.77277	-4.26937
56.21046	15.31734
69.27974	28.02751
202.54604	19.95903
191.69648	-18.89549
186.75519	7.05882
177.5837	21.23785
161.10562	24.86289
10.48716	28.57615
34.22559	-4.22961
123.74962	30.12056
126.92787	16.60471
176.35597	12.35338
229.10786	17.28246
337.95376	6.01426
55.22785	8.53805
23.42961	11.47987
15.45431	10.90457
62.43499	-2.26302
69.41819	1.24874
68.71891	22.82603
88.36785	2.61548
103.36788	41.71511
116.65119	46.05924
176.1761	5.81207
152.01817	23.91774
178.82453	16.49584
182.99019	6.17654
297.74695	-26.51205
301.66993	-8.42691
45.39546	25.40925
59.37999	-8.26869
70.21448	20.17737
52.73503	0.40381
202.6799	-5.28655
178.24151	-5.62562
61.50242	11.62422
237.95734	-18.99212
41.89887	-4.93446
128.35467	38.99492
166.313	22.34757
169.51673	7.50755
184.56539	16.99471
47.41482	22.72203
153.15338	42.41959
237.94701	1.96037
349.74497	6.70489
11.50932	19.0416
178.94964	3.85591
10.26489	9.73551
169.12638	7.7317
118.07004	20.64187
172.7649	9.00847
158.19917	5.76035
270.98683	-7.94209
295.41361	10.46257
40.48628	0.98035
120.19357	9.60132
181.85704	9.89181
184.70638	11.93782
21.78031	15.76602
33.27781	18.64586
39.23882	31.39656
133.1796	21.31396
180.3198	16.70597
58.93878	-14.72236
353.28331	0.39151
72.92116	11.70079
185.54381	55.22487
246.58729	6.89959
151.41121	-10.16979
336.3848	24.06447
27.25361	4.78619
39.64288	16.34763
86.84889	19.93364
195.37247	-7.10777
221.97228	39.20846
178.09394	27.0332
65.69986	1.98523
139.86488	22.78723
166.43887	-0.88717
218.26443	-1.3079
66.80975	12.28307
28.53941	17.19041
67.29144	22.18681
117.67253	37.15891
77.51786	28.28029
72.48565	34.37404
59.75167	22.8828
337.37833	5.83359
216.10354	-15.73832
347.45473	-2.06528
159.80264	24.33258
147.67459	2.19569
215.74617	-18.14147
349.44731	-8.38168
349.91792	0.13914
5.43462	13.81924
95.95367	15.87647
117.85621	32.84873
28.47255	7.57833
31.07132	6.68197
113.53925	21.06033
232.67494	-15.77947
239.62786	-17.50571
334.18921	-6.08538
78.41483	21.74772
174.99067	-3.9594
23.24484	1.16831
38.18905	27.494
65.17235	19.15153
229.75701	6.9153
345.19505	0.72783
47.19404	-8.28185
157.33812	54.43232
24.38376	5.74421
15.72685	2.81431
79.99984	24.51296
78.05527	19.24379
147.87288	22.74089
136.46603	1.15171
228.99946	-1.27865
211.0259	-14.59066
221.40211	-32.42055
123.73545	11.53389
42.32199	21.75641
32.99771	16.60695
58.41321	-15.5696
206.61034	17.75038
7.97594	-20.76026
17.68457	6.07532
72.36077	15.68258
254.84309	-1.84344
29.53802	16.43966
29.46137	8.12395
63.82286	27.40999
136.33571	22.09262
120.30635	5.77945
174.20558	11.26275
263.21249	7.63717
196.53818	-4.32522
39.51515	27.85581
168.25455	48.1812
161.94392	28.33643
145.83996	1.14203
190.37211	4.40574
315.81473	-27.61826
42.34842	-13.19761
36.51541	52.52495
113.32465	21.2087
185.04262	26.23723
147.79037	36.3982
39.18213	-0.266
147.16062	43.67285
141.75453	33.13414
118.86503	24.72629
231.88706	21.5899
248.65357	1.78005
322.36045	8.51764
12.74496	5.39619
20.14521	1.03401
206.14593	23.16315
24.1515	15.02875
154.30118	22.55906
57.03639	32.14671
72.30176	11.31243
114.6678	24.52036
124.69107	25.20049
192.28514	19.74653
345.38445	20.13644
49.23153	3.80038
45.90184	17.65116
52.67675	17.019
81.67847	23.52031
173.56552	13.70656
136.31803	16.82819
344.30742	-7.92097
63.96118	23.35796
81.2257	-8.17262
317.98461	-3.67671
116.65968	20.07794
152.60425	15.60329
202.56271	-10.71471
169.9814	-0.50805
192.09227	13.51566
7.61505	24.20025
145.77812	8.62156
68.57613	-7.91168
109.91512	19.72192
30.38238	15.10246
59.93981	-0.88514
138.3176	-15.74385
157.49211	24.25199
128.76816	14.27974
123.99356	-5.50534
28.59057	-3.5246
23.73996	7.96286
230.82311	12.07436
10.23593	17.4754
208.18504	4.08122
58.47874	11.08859
341.47905	11.06539
252.77421	-4.55889
249.54391	5.7271
225.21941	18.43315
64.14237	9.99622
14.30291	5.6236
58.82767	-13.5935
45.87015	23.4684
45.17495	15.23026
156.83502	5.30715
171.16011	3.58214
124.55532	7.97061
171.40069	3.60157
74.24551	23.40587
178.56427	-14.65505
196.69384	20.11182
182.74467	0.62456
348.1704	-3.36337
338.25185	5.04762
56.75917	20.58587
125.99509	-6.7074
211.15895	32.48997
249.23294	-4.7589
143.01244	13.9452
15.55592	1.93755
152.79666	18.17169
51.56192	31.19807
28.31667	8.4686
24.3402	15.41915
148.3947	38.16584
250.29332	-9.02492
258.57469	31.92498
121.23295	3.61989
125.20295	23.90952
157.92704	13.79339
247.26731	11.24893
246.4313	-8.45513
2.30814	-5.21696
48.16388	6.86496
156.48864	35.72857
59.25847	45.76682
10.84263	10.668
22.16012	31.47557
120.08855	15.58607
302.47729	-13.43753
129.68951	-15.90687
17.34131	-11.04539
34.32734	-15.41062
102.5621	27.70157
76.1122	-1.28495
78.07004	-9.22371
128.10476	33.42069
306.35218	-14.32057
268.87739	3.02824
242.01903	22.23398
220.30821	25.13507
235.845	18.01923
309.96762	12.14815
92.61511	50.86086
76.91866	-10.51874
189.79265	0.42687
243.17097	-10.7094
7.85021	8.34879
58.06818	-15.1438
17.22721	17.60482
33.74828	22.45698
33.94341	20.78773
12.54812	11.12002
54.94018	21.11764
71.27785	11.10029
194.57327	1.30979
317.56839	17.79079
358.78677	-0.51901
156.66668	11.8647
31.32392	12.35966
245.23863	-16.85364
209.31133	-29.28892
58.00442	2.17991
112.38849	26.80746
244.22249	10.07612
232.54623	-20.3714
12.68883	16.16435
349.29967	5.3655
131.6661	46.42401
308.88648	-7.09101
341.77629	-13.34833
338.62514	-15.50259
343.14941	-18.9233
188.43567	20.01693
39.96488	7.96583
97.67767	10.8969
82.7441	17.0411
33.31478	-5.71585
144.14957	6.72742
125.57562	26.91274
13.61149	24.46545
113.28515	30.80756
314.39038	-23.4564
140.87242	30.89586
200.33396	3.43324
5.79259	-8.87783
65.83792	22.92816
198.58657	5.09293
149.03892	-23.06843
87.46918	-5.94497
323.15585	7.42696
36.05718	-17.27294
79.2576	-1.65522
37.94348	25.6316
11.95144	10.97024
150.88987	25.14073
148.37745	39.96349
200.22403	26.94531
304.31065	-4.14475
340.26026	6.62581
24.38725	7.56435
50.59895	17.81734
44.27836	32.80523
349.59704	8.34346
145.77132	14.9198
163.30455	11.54293
204.66182	-10.9869
47.07608	19.14883
166.29726	-11.34345
206.71681	0.45487
140.48748	43.14006
112.53226	15.66457
195.63407	0.07831
332.21932	-12.23063
78.70296	24.6672
52.23322	23.68397
123.84913	6.41795
117.71331	-7.38409
172.9014	-2.11107
335.90712	-51.60535
232.10556	9.18972
320.74265	4.53512
182.54189	8.86829
332.7503	-8.60435
14.70761	5.66334
350.84731	22.24926
26.51153	16.83422
204.07742	7.15644
321.30774	-13.98321
24.60764	-20.14961
45.9544	18.47611
171.25871	-5.98389
336.43656	-7.66404
29.22048	18.63168
176.77015	13.84151
349.40597	4.56923
179.89565	31.54481
204.6873	-9.46125
344.61028	15.87988
49.39731	31.50755
44.13671	2.87197
65.76322	30.19464
216.42387	-0.44763
60.7703	22.10183
194.36597	-9.13959
28.53411	13.1062
77.35124	24.60865
136.15112	15.7793
117.04071	54.92359
157.55538	-14.28551
149.2327	13.05509
253.98204	3.17969
121.46507	0.03425
157.09961	-10.44584
332.09585	-0.65147
44.81685	22.72117
66.16923	14.76939
139.66299	12.13959
204.98738	-0.53619
39.18027	1.16873
189.65	7.22888
50.73777	21.86388
330.58053	5.26695
255.18876	8.20791
27.29223	2.62502
221.7159	-11.87089
91.90864	-14.32412
156.52674	6.38223
173.52825	17.71179
9.68324	11.1713
41.60019	1.02603
355.01597	11.2997
355.62341	-1.54168
157.82913	24.59605
339.17275	5.4497
187.61531	13.74159
164.80188	-6.42125
214.35705	9.11702
73.73243	-4.0914
51.09707	10.01766
27.45894	2.33454
144.25831	40.89627
98.90032	47.34872
75.6537	13.90599
16.0065	2.18689
159.00556	-10.5153
173.10903	2.95957
60.74997	-4.88701
57.14555	20.5233
109.4353	47.19111
107.71984	16.00858
99.66039	33.81887
179.51948	17.12474
76.03885	0.22652
144.44463	6.15006
262.24023	26.99271
43.20532	1.1561
246.44491	21.75346
9.19705	6.4594
349.62672	-10.5479
163.58541	14.57308
200.51248	27.50375
142.38111	14.91338
83.01375	13.98027
40.16436	7.1105
37.38464	15.11135
45.61528	30.86239
127.92007	12.54467
23.96919	-1.44489
147.49437	10.23625
177.22315	3.89095
183.14298	-2.70446
15.65864	1.37612
138.16603	4.18224
333.64214	12.56079
125.52536	17.06657
182.39471	-1.35841
353.65004	18.81193
40.70049	-11.80701
146.08561	-4.41287
148.58444	33.29179
55.50266	4.3777
226.11735	30.36986
334.99084	-3.10146
137.95431	-1.71126
24.66626	1.11986
101.65929	4.78849
144.61439	21.01152
185.98225	14.3348
25.92463	5.08175
347.34829	23.64655
34.05509	-11.78283
356.67185	-4.99094
5.96127	3.71326
333.90876	5.01121
139.7957	24.63031
18.31519	2.75356
300.10143	-21.9838
9.63469	8.57932
297.73363	-6.7146
152.49192	35.90326
157.44515	41.30596
12.91976	4.51247
91.7743	0.15901
29.10054	3.75959
73.55732	16.84552
302.4692	4.67217
164.60625	-1.73091
204.41364	-15.23464
254.27156	-17.41163
329.76349	12.60597
162.98943	2.52482
93.55469	31.3211
347.77812	-28.89795
42.12377	-7.23506
73.78492	-4.80303
129.95533	2.46281
163.07585	3.40041
8.17331	19.04975
16.44913	11.57955
326.58891	-1.55789
54.54945	12.11751
353.59439	14.33732
204.65468	26.09519
3.88586	20.25782
2.4276	17.49477
307.45422	-4.08989
15.78467	11.86473
165.22897	7.33914
56.45024	15.32626
204.32468	17.58504
23.49404	6.65105
25.60484	15.33259
48.96238	8.37585
122.29017	14.48987
216.0918	-14.13927
127.82809	11.16574
350.43405	8.70766
55.2878	0.51916
288.97671	-33.25254
312.75004	-3.39602
207.70248	14.58184
126.8739	14.90881
18.85404	24.37683
232.23877	-14.52852
55.95559	17.13253
22.00498	10.33926
210.80852	-18.62416
62.63472	1.12258
29.44518	0.77585
45.34096	25.30495
40.98362	20.11857
332.40678	-9.20253
77.62203	22.74846
213.46826	-10.34346
57.57942	16.22342
319.13795	-9.50698
141.87382	-2.98574
121.29937	24.89027
2.77741	-3.82765
46.75366	2.11456
289.78921	-3.32544
209.71562	-21.61298
64.02353	2.36282
237.8414	7.97044
145.52288	6.30435
24.61772	10.19062
122.58474	36.99586
118.56336	47.46275
26.79382	13.52945
126.76998	24.91035
49.63182	18.77077
10.48625	10.16358
17.54404	20.83248
26.49186	0.7251
143.37996	7.16644
50.29457	12.61145
208.19646	-5.85275
