28.69255	15.40599
68.18986	-40.71167
307.10898	-18.55618
333.27135	17.97644
32.03125	36.37884
354.49536	-30.67151
336.13589	15.28963
357.00696	39.19644
7.30777	-1.87622
44.51711	16.56199
68.8509	35.85481
207.68783	44.68479
262.99286	2.87154
196.58669	23.97688
217.97934	-5.50559
240.53216	-15.05963
183.43036	40.72869
356.68632	35.99913
104.53066	26.01531
80.70183	61.28823
77.5575	24.37554
97.72364	11.63507
83.63431	50.44437
187.86059	-10.34395
228.26205	-25.59591
268.45464	35.99316
194.87828	-23.32569
289.40603	-24.14414
31.66965	0.85396
43.45772	-14.85782
346.56337	-16.01203
32.09488	-21.99739
106.80412	28.88328
212.02042	44.81109
242.36555	-7.11375
148.66654	20.15537
217.48369	8.96625
234.98646	-14.94376
286.00221	5.77272
304.80592	-10.04253
320.31745	-11.08152
327.58822	-1.36303
177.66549	28.48139
114.78535	-26.73449
95.13607	62.8386
165.57871	4.8453
177.45647	-2.77433
347.9636	-1.22709
357.00882	6.55197
358.47189	19.55126
95.05622	50.79471
124.01285	36.2727
121.43579	10.85261
93.19422	27.30206
120.24258	11.9464
130.44822	20.18866
209.64831	-1.74617
215.48221	15.21228
240.98797	35.63259
163.24536	5.24518
211.21563	3.67557
326.26539	7.46371
15.78871	-24.89069
280.28066	69.75506
26.89513	10.52546
70.19162	-16.87217
213.87898	28.63563
215.7499	59.07606
250.35162	16.06152
65.90398	20.07879
67.41226	17.60807
22.85644	5.98469
333.94978	-11.78825
204.66987	-12.39192
13.63505	55.259
287.95148	13.04738
328.41812	-10.3838
149.11909	1.70654
198.22167	-39.4588
219.69704	-9.13786
182.58251	13.2145
72.07385	24.84704
340.68808	-13.90758
118.2666	14.69657
142.19298	16.61443
127.07602	16.87497
255.61122	14.43909
229.09633	-5.81071
242.782	11.78845
325.7513	-7.6946
263.94008	33.32341
144.17801	53.15075
49.07306	16.28708
126.55841	36.85363
258.07085	16.2697
312.82947	-61.06273
18.67688	7.33323
340.64643	-33.42311
303.12003	16.96495
230.44855	15.07786
353.28027	37.62292
92.91754	17.33625
331.79616	-18.58816
106.37864	22.30139
130.38679	17.75146
183.32072	11.3112
163.12488	40.0503
191.71806	38.55098
219.36149	-10.98883
305.33228	18.06096
357.77881	0.82111
69.55144	-24.49746
305.32748	-23.45805
44.92057	-22.30114
132.80977	17.05244
197.8739	-11.1971
246.3319	-1.58965
344.69702	-10.97301
207.97505	-26.84808
47.14098	24.30321
53.19064	-41.15506
126.39988	14.32966
237.72298	-15.01201
221.9166	-2.08888
265.31454	23.96726
248.81037	-4.89141
44.45989	-4.36515
76.49186	18.6448
358.46434	9.46504
74.93611	28.15603
126.94163	-7.97795
117.1301	27.13877
174.40737	14.55278
215.51627	-2.82508
300.85619	-12.42438
283.10266	67.95304
40.79864	39.06763
6.26284	-16.76566
334.81204	-9.86167
64.71054	-11.43704
180.43153	-3.62627
10.99584	-8.88175
108.58059	26.98203
135.7026	4.84777
246.9057	24.49471
142.38011	17.09633
306.70819	-0.96068
74.90012	13.24367
28.70835	49.13577
114.71343	-18.41577
121.10496	-37.52251
297.49734	-6.9577
346.72457	-34.32501
140.15304	8.58609
142.85667	-24.06707
55.58977	16.67619
85.06787	-1.52565
232.58412	-36.03171
317.5252	-8.55433
282.72998	41.02139
34.95086	-32.8945
355.3774	-1.46353
332.16252	23.38449
32.59249	29.8516
222.32029	16.19243
73.51175	-15.00745
300.06163	-32.42477
23.19567	-4.9724
33.41821	-47.44683
105.31419	21.59141
178.97599	23.9554
238.15715	31.01127
204.58207	-2.18573
242.53165	25.14931
318.3909	-21.84722
33.42475	-1.52855
319.74984	13.10999
83.8651	-22.38034
336.52919	51.03967
214.1999	42.93085
189.2307	-15.5683
220.80269	-16.87814
98.3244	-69.04363
156.20891	9.7364
77.49289	-3.54056
114.98696	27.59055
225.13089	-19.81438
213.03893	-38.68318
46.95918	15.05051
232.13994	-36.44832
10.58809	-10.88313
198.58775	0.45949
153.38751	-4.66482
136.20305	54.00652
252.82381	13.36854
308.50391	-16.29312
262.17171	30.009
86.42738	11.00746
230.45009	26.6512
213.36749	70.43363
247.25204	-22.05419
4.06771	23.09469
105.54323	31.99186
33.1162	-14.70499
18.89033	0.24611
68.10743	58.01078
150.31097	61.61443
142.92562	39.89369
191.93744	41.26363
108.04585	17.48214
332.04645	-67.48021
17.41514	3.45475
4.61825	17.54247
333.39886	-8.83138
53.80532	18.04421
247.69721	5.4209
288.75753	-29.42012
5.12494	-3.98967
12.41342	46.80234
204.7929	-20.60523
167.2166	44.98259
224.9511	-26.96755
344.13447	6.34783
342.56426	39.51446
118.16946	-34.65642
129.86457	14.97561
189.54731	54.10897
245.94935	-18.19596
342.52383	-11.36197
252.0307	15.30141
295.6575	-5.46424
54.98212	24.14916
57.85811	-7.54303
18.0142	-17.99167
83.0267	2.67068
5.29805	-22.2538
305.54538	46.29985
162.05593	10.48642
122.30185	27.04693
74.09942	63.60317
209.71024	-12.43575
311.0584	51.94637
225.40279	1.19829
252.51361	4.22534
67.66276	-10.26673
99.50411	41.28356
48.68652	-22.76439
350.11341	-13.5169
207.51092	24.58189
216.82953	-10.66611
219.82202	-9.30412
36.29672	15.34431
17.64931	-4.36301
29.92808	-10.45042
57.01572	28.93693
201.82541	1.40818
129.52971	-11.13164
262.06043	-9.07997
282.82924	57.41172
213.20229	58.95531
311.55524	-3.83161
235.17788	1.79746
329.57436	11.33718
68.26745	12.1682
108.98131	35.48096
125.86607	-21.88744
225.86021	30.35932
105.77434	19.00771
275.48091	56.18058
354.97441	-34.73331
152.78724	27.15987
134.34555	-6.18725
122.66862	21.84935
205.31148	22.5714
296.02421	13.86162
198.64767	-1.75656
185.17659	-24.83311
314.03136	-6.33477
24.66547	21.49522
11.29322	10.63461
352.49318	1.99606
67.51588	-5.46118
349.2472	8.25319
338.36714	-28.75463
118.92305	17.4575
246.66243	-1.27826
110.39421	-50.30037
174.88122	21.08736
331.82464	14.08252
237.30195	-18.76287
358.24739	-33.22713
298.27538	-23.85886
10.30589	-40.38634
128.35918	-5.31289
79.43256	18.23283
26.11753	-0.82017
225.68038	5.82935
330.91195	-27.31156
325.94793	3.32665
346.58667	-52.81776
17.65402	30.66233
99.33634	24.17414
68.13436	22.95672
185.58625	18.74473
133.54909	43.26953
127.57523	24.01837
222.95977	40.64188
234.173	-14.38727
218.50662	49.71708
117.13867	20.53765
29.66688	-28.41568
330.93259	14.1165
14.79021	17.09344
347.13505	2.29045
135.6761	5.28128
154.24561	9.43191
154.36036	-12.22698
170.20552	-22.87448
23.47728	9.44953
251.45868	3.84713
26.834	6.52058
39.12536	29.45897
26.87831	4.77366
59.49393	7.38027
47.78946	31.91262
353.02753	11.12373
338.80824	-1.65718
1.57803	-45.36561
55.026	23.90549
330.71288	-2.28775
144.95914	31.48931
322.72222	-7.30439
298.20054	-13.64917
43.07222	-7.02792
313.26189	-12.15444
129.31982	12.58706
121.9567	36.27216
130.92422	20.57904
177.63752	18.84456
122.37007	57.91156
121.19089	15.89821
203.07537	4.16815
172.79977	6.49941
185.70933	-13.32385
317.52242	16.23988
253.60317	-14.53004
316.43248	-16.56723
55.91477	-11.03903
87.29356	66.80819
16.20852	32.09905
206.8544	-23.0629
209.81745	2.37334
245.41466	1.57881
156.21141	16.58372
321.54061	-31.68512
17.60942	-17.23424
47.86053	17.52169
43.83837	-4.24838
72.52735	30.20248
61.05346	6.64233
57.70737	-24.91279
354.861	1.68445
189.77061	-17.48686
199.64445	6.5893
10.03001	-4.44015
248.97141	-16.04172
21.46891	37.16754
309.81378	-34.13812
341.34676	-3.57653
342.43499	-15.96122
73.16196	16.03639
49.35073	16.50011
72.68152	10.52073
43.02664	27.72344
58.90931	3.41841
62.53619	15.4136
18.73411	28.84351
311.23199	-8.73447
37.34332	10.6227
185.25761	-32.28717
285.16481	-24.10909
314.91843	-30.44283
281.65794	42.54663
29.83035	16.21175
199.67398	-21.47573
215.06983	-10.42406
15.37269	-46.3827
356.807	31.81034
62.35802	-23.84506
109.60927	-21.87599
194.74151	40.77085
212.93661	9.85927
310.34956	-28.65284
297.83915	-42.55599
319.46911	-22.21823
250.13563	-10.90058
293.96184	-17.52103
13.09015	-19.51745
320.38416	4.83526
36.85289	0.48078
126.52438	-48.33628
106.76667	58.0294
301.96295	-26.99674
307.74439	-8.92291
97.32604	57.63349
23.30019	23.89585
76.57099	31.91882
138.90626	31.0108
90.69208	-24.3873
246.28534	27.33691
282.3938	38.13673
323.67936	-9.56084
336.4735	-31.12958
346.23372	30.08057
58.40882	12.9383
139.15108	2.35628
218.10505	-5.33481
181.82945	-15.47128
356.14491	36.71077
301.07567	-21.52055
321.4805	-13.24545
63.11414	19.7745
251.86692	-0.28294
126.24879	7.29978
164.39602	15.11517
274.11397	28.70776
326.52407	17.96509
158.15209	-24.35551
233.54756	30.05923
254.52625	-5.94618
230.67493	50.90295
250.92261	3.28747
27.83942	-63.37068
327.13908	-21.20296
33.05553	52.45032
54.12792	5.78661
6.57262	-42.11055
128.86781	1.61271
335.18463	25.64875
341.02304	-29.54866
190.55866	1.19759
215.62272	-27.32992
357.98345	6.57663
114.26937	1.85196
36.79675	48.77205
123.82638	20.38982
65.01534	15.94774
252.8282	24.83672
348.2019	26.11858
204.96322	-11.62703
174.51823	-0.66395
311.52889	-11.05978
113.8631	33.86817
164.26248	20.49395
176.35794	39.83133
250.56475	-18.61341
352.16854	15.69024
355.77595	2.18351
42.06204	24.68464
3.97895	26.25876
107.4903	17.11378
246.74017	8.26671
62.67934	-1.71352
68.172	3.16528
55.51859	41.52576
179.66643	26.65943
162.96511	6.01171
183.82349	-7.22203
248.79719	0.68979
25.57009	11.67833
2.42659	-11.34604
52.00744	12.62499
70.45309	9.31817
183.79782	27.25434
194.32042	-5.28435
228.69621	-26.89787
331.20006	-8.19278
8.00414	13.435
60.11457	-21.73607
100.34522	36.97293
85.50169	-7.64251
175.7664	-22.142
246.65997	-20.55245
9.25493	6.82918
350.11173	-21.76522
21.86434	9.69296
254.46704	29.67532
308.04189	-17.91732
266.35258	9.09532
51.24773	50.48918
341.46652	-19.0733
299.17832	-9.89058
79.82142	-55.3841
16.39551	3.84163
15.50536	45.072
111.65752	42.44922
4.68472	51.81884
164.80629	2.14671
197.93536	17.88473
202.60398	26.4092
192.93757	2.25519
189.33344	25.48541
213.36731	-15.25363
212.42209	-13.30999
338.3795	-8.33998
338.01638	-2.48435
326.1349	13.77412
59.56287	-15.89252
152.27464	2.22864
172.27674	8.83049
186.61845	0.4592
189.85407	-4.23008
251.88895	11.54809
34.65881	-15.83612
77.47991	24.45365
60.13655	-35.11214
113.22418	20.62811
225.26453	4.41591
192.44823	-5.00175
225.8721	37.61619
205.11215	-6.14899
136.6274	10.19779
164.70765	11.28251
64.12555	21.85022
17.78347	-41.46095
18.59355	32.00962
18.75633	-2.03129
10.8127	25.32104
115.87912	23.63917
97.06845	-61.3357
194.07167	-1.76356
300.23847	-18.6699
2.60756	-14.54559
39.07082	-0.34051
2.15578	5.80003
16.81258	-2.45187
105.48773	51.7861
141.98399	15.55353
162.21795	-38.4315
227.60863	23.38224
215.8487	38.82395
314.35062	-16.24972
190.34719	-4.26898
327.69372	16.19667
142.54717	8.95883
15.14708	-26.72456
44.55387	26.64368
95.15704	-19.87131
249.65007	3.61663
131.45767	42.3667
320.70291	-52.83503
273.96276	-7.41211
335.86993	-1.92391
54.46198	18.54922
62.88006	0.195
27.76371	9.58359
87.56057	25.71401
191.52223	-5.87699
126.21949	31.05748
186.72145	13.94887
199.74257	-26.8361
214.24954	-16.37029
346.72003	-24.58545
33.3566	-4.07154
1.0454	15.67955
18.37656	-30.62071
9.79187	-28.66232
70.09043	12.06918
169.48955	-6.26167
148.63156	17.99132
208.11714	-1.46725
203.16366	-2.13747
187.53904	65.10543
233.14564	13.71746
234.67343	-9.37178
320.24513	-19.65317
24.4418	41.93028
34.71047	51.1204
140.45613	12.4333
167.99002	-13.02875
143.0486	1.42294
175.09959	2.10206
206.13856	6.0983
215.89998	-28.02503
286.86533	-37.61404
57.15111	20.44291
24.92065	-28.8336
56.35491	12.21201
152.40722	3.97574
171.27128	-18.33396
191.41114	-10.86072
246.83864	-20.77244
248.77001	20.61007
37.1595	-7.06337
95.66745	22.5863
82.90316	15.20185
197.14712	44.61446
56.70347	38.52359
235.91819	23.16224
164.17029	-21.9889
158.15317	10.65829
186.88356	19.50524
192.43747	34.43602
268.16287	4.26242
331.21572	-2.12926
228.79149	-7.17905
323.45441	-25.62334
341.68664	-21.01623
120.60147	-18.85792
3.32807	-9.27247
135.51279	16.92679
19.51356	10.09971
67.93733	47.22123
73.39103	12.23735
110.82222	8.13274
163.18607	-41.16351
166.46323	42.07132
73.47241	8.55247
228.64265	71.11947
212.3484	41.01768
225.62027	-36.53846
336.8312	-29.67444
330.33453	6.88391
72.07336	-43.66187
161.78787	-11.01166
249.08599	-10.51147
228.89548	-30.36344
325.24686	-35.75533
228.18738	23.2869
314.31125	-1.794
322.6518	-0.63931
139.77441	22.0246
159.99175	75.46766
158.06197	43.95813
170.49572	8.73148
184.73531	-21.04073
212.93538	33.76664
212.37347	26.57538
300.25785	35.16469
351.23767	59.34512
194.40823	9.93972
242.32077	0.84514
82.3634	54.57393
112.99521	63.4852
236.1665	-11.66504
32.82729	-33.8847
250.38903	-6.00938
225.80753	-20.23375
7.68311	-45.1108
261.99959	24.3504
267.34206	-61.11343
349.8815	-29.23527
123.36533	29.6858
67.17743	-12.07164
141.56782	-25.59338
90.96459	-24.85312
196.00876	-15.59874
167.48096	0.40138
175.54278	22.16241
0.11947	-16.86865
52.74041	52.50051
314.07188	-10.63534
22.00987	47.65751
334.78956	-41.15461
79.53338	48.55138
20.81754	7.89785
213.7093	-7.21208
204.21985	6.52099
53.90924	14.74844
352.34324	-29.25581
328.89604	27.63726
215.13639	7.52101
243.67517	29.88296
26.59735	12.28254
55.73226	-2.39299
53.48088	19.9691
189.32741	23.11533
80.16172	8.0772
240.98545	55.5875
215.53472	17.31406
217.63796	-15.07647
321.45435	14.86593
258.07037	-1.11578
228.83992	15.08315
320.20132	-31.43516
67.67811	17.51713
307.42057	24.02731
33.24179	10.34905
116.52178	16.61107
61.74966	17.41767
89.65668	-28.49943
219.5366	-0.09207
357.90122	6.26419
335.20507	6.93588
38.16176	0.57725
75.96173	9.72293
148.69923	29.54962
251.24645	27.44907
312.08266	-20.61542
301.71785	66.23331
334.51168	6.06481
80.2612	66.68796
47.97351	-24.44391
27.77417	8.23561
331.53624	31.17512
32.41657	28.18757
46.75589	-2.45817
329.48948	74.70826
106.66514	27.40495
339.48734	10.51925
168.98128	18.85933
200.24264	40.24834
275.49352	-3.61031
305.91234	-11.36156
305.72619	-38.55128
19.01436	-37.92018
6.75586	-9.31409
2.33815	-0.17389
141.15166	43.43835
199.17758	-7.40328
60.63979	-1.3301
205.76252	-7.90971
315.8855	-12.93283
354.90002	-28.66928
33.39306	-68.25013
26.18072	17.89687
28.6896	45.64133
123.64903	4.38573
66.43482	-42.97941
159.50582	-10.66665
189.76505	12.7411
304.78653	-18.39775
4.77245	23.10352
42.09059	-16.99535
61.72158	4.78712
66.98112	5.81217
46.12393	15.33509
161.76432	8.73519
148.48376	-0.86014
198.68721	43.99284
148.33928	-5.10051
82.14997	2.42119
230.35344	-13.42181
219.68954	-0.72166
203.06473	19.88669
242.29717	-8.94766
228.96671	-18.20326
298.27399	-35.4084
243.0786	-23.25912
43.11518	17.56937
18.86635	32.79033
167.10663	-10.48668
233.44854	-16.35546
69.86394	3.84035
263.7357	22.11359
328.66546	-10.95667
60.27705	-1.46068
14.37278	-9.20507
348.71168	-0.65284
7.75038	6.49719
56.73351	3.35447
75.26485	28.0468
60.92599	28.88214
85.5233	24.04917
279.63815	42.92451
240.04983	-5.64872
334.93732	-15.57026
174.89673	4.57304
104.15278	32.15853
127.03587	41.79119
140.21881	8.24126
303.97811	-20.28321
8.66634	14.39944
29.06057	-13.26266
20.82822	-3.21685
161.28933	7.94396
174.64282	-5.62528
123.54435	11.85657
130.43202	0.86563
45.75843	19.88493
13.06866	-12.60668
35.37418	25.87722
45.33665	9.92158
69.22974	13.23366
56.85796	26.4178
129.99408	51.33689
175.59461	7.10989
193.68424	10.45135
185.47513	24.2954
225.8092	5.22491
308.30274	-3.85322
334.83093	-6.67167
11.24907	7.52257
75.42347	-5.58396
113.50639	33.1687
69.40016	-15.92905
144.83613	8.81764
20.89929	12.77144
141.09002	35.0513
38.33794	-40.04086
149.65428	13.41385
10.78013	13.53711
121.61923	-7.60303
130.79438	46.18892
341.67256	-20.41469
330.5446	-35.45334
3.11981	-20.09595
309.11639	-22.52434
304.34781	-0.21642
339.77625	14.10495
84.10935	-18.09821
100.18974	36.58879
86.70763	7.43672
60.62058	22.06292
44.79205	24.27146
41.45657	9.7243
57.42881	-2.88242
121.63441	50.15024
126.99102	45.05718
127.10875	35.49928
123.71283	17.80545
164.84576	26.73475
239.69321	25.49092
335.18853	-30.21609
299.85343	-1.53593
225.5794	31.67993
258.4896	-10.62182
18.04486	2.39465
325.34725	24.69033
141.33137	0.59979
85.13739	12.21798
159.83789	24.24204
201.36882	-7.56495
261.79945	58.08105
169.06377	-5.43643
356.24368	-19.19908
132.6494	-12.04946
45.25347	20.20881
321.31322	-1.85638
61.85199	24.56252
104.27741	50.52849
179.50173	6.55318
135.19541	-6.90566
262.48299	5.05156
228.94147	-1.17183
8.64133	-6.92315
180.23598	21.24792
93.01387	60.99174
211.35389	-15.9873
178.43285	-15.16721
213.00408	49.68547
56.57765	10.30268
69.88694	-38.87532
325.00264	-3.19277
328.53567	4.94948
196.36912	18.69563
141.35488	-10.40023
246.30411	7.89334
329.8224	-16.51123
346.77119	3.94162
50.32542	15.99329
329.45749	-40.87485
145.56485	0.47195
82.53043	-5.6564
21.33113	-3.47002
74.18305	-37.42334
54.31769	-0.24571
196.83551	-0.91413
211.22347	-4.30293
0.89404	26.43756
55.49908	-0.61232
273.77221	65.8621
356.86354	25.68593
68.7099	-52.09443
177.80537	9.03985
242.94327	-21.00664
236.82655	-25.43398
342.95411	28.96185
358.00275	-27.2756
352.6129	-21.03592
130.9398	3.43597
122.90596	4.24913
16.13903	66.35671
67.17764	45.5574
257.94547	7.31344
328.05101	-28.59019
230.7804	-26.24595
18.5167	29.98498
187.67121	-3.44053
170.12963	18.30838
193.49588	-10.55582
196.56244	15.00223
171.64894	5.80169
19.40788	6.21108
27.86511	24.07193
53.62259	-15.65266
0.36598	48.25798
36.45035	12.90928
73.23085	20.1964
117.29722	40.49824
35.80105	8.39984
340.09407	-21.86909
238.8112	-1.27976
248.42863	3.60403
17.20442	-4.7781
283.66774	27.68289
2.94448	11.9643
34.25068	20.50496
73.56606	22.32704
128.97748	19.65224
122.82248	9.45512
201.19493	-7.35168
195.60419	55.10272
352.51373	-9.27168
13.95189	-2.50084
348.48984	29.88412
49.29923	30.19164
1.97983	-21.47217
127.93752	13.26758
128.00673	26.2639
175.01252	28.43914
254.68168	48.15001
307.58689	34.80409
27.75728	11.47498
149.82829	19.70482
194.64717	-11.5102
196.71574	-9.30938
245.74744	23.83692
320.9073	-17.69902
238.21673	20.95493
47.37323	-25.50464
210.51057	17.9062
218.86164	24.26769
198.47824	16.72405
219.60534	-13.19074
305.39666	11.90762
250.89243	-1.28184
324.26894	-17.83712
0.32277	3.85064
232.12752	-31.73086
332.4583	-6.25537
102.62568	1.51361
55.55369	6.40759
49.0565	71.95529
123.28119	51.98724
138.66661	52.42047
55.855	14.56018
80.57503	35.54498
163.67486	13.75302
155.57561	20.56237
180.06376	6.3517
197.19413	0.44936
115.00733	19.55779
166.0467	8.81266
189.9165	-18.96446
83.45064	28.51996
93.34759	-40.66228
179.68805	10.66174
226.04111	18.67665
178.5659	-2.88681
204.96471	-6.18115
54.20933	32.71715
238.6872	50.85767
166.5931	8.40467
187.84353	-9.62227
316.86314	-6.71347
315.75811	-16.83806
23.82939	-50.48758
15.6201	4.63469
183.33315	-11.54694
185.46183	1.6512
353.83351	-0.65714
41.74844	24.34861
25.8114	-6.21439
36.17262	6.6539
236.78158	56.59716
210.48333	-31.89062
12.71865	-33.14752
310.86386	-8.40755
154.23679	20.95236
58.13828	10.05083
42.88444	40.67339
187.2592	0.33985
105.05083	-33.69751
231.88813	17.94644
215.91649	-28.63023
260.81007	40.04974
324.56923	-9.62951
311.53935	13.69837
45.36802	1.84345
36.93635	2.28562
87.7713	18.94713
106.30069	27.80698
10.64434	49.13448
125.3677	2.33729
226.96495	7.72665
195.08289	-19.86268
241.53488	24.93245
354.27891	25.18687
51.51802	31.66925
57.67536	3.36663
41.22906	39.18693
217.12264	-10.28813
234.31457	-5.48012
334.5531	12.46273
35.62347	19.185
95.15401	18.95416
116.66582	37.00373
28.43972	-16.89846
181.39401	5.55924
146.79776	-3.40609
269.30729	17.26391
313.54869	-11.30901
248.96892	-2.75428
249.55777	12.03333
100.92255	8.18223
170.15828	37.9695
212.87036	6.29655
308.53512	6.85846
25.54666	3.08201
263.49111	34.72747
317.27505	-4.5773
320.39104	-17.68504
124.28186	-8.18547
47.86617	1.74536
161.08244	35.96794
193.56968	15.15658
256.97553	-9.06419
9.80178	-14.34045
175.20962	52.7669
76.27978	-26.82655
187.77851	8.97062
235.14156	30.55434
140.29572	16.20202
342.26932	1.72442
345.02719	6.37478
52.15682	23.92346
169.99324	28.78971
81.80802	-15.67513
79.92805	25.41912
66.79573	-4.13808
59.71743	-7.53573
100.6609	-47.66891
340.89857	23.73814
204.77997	-7.4263
201.87282	40.38748
247.53266	-9.2742
251.63938	0.4951
344.70467	21.71853
17.13081	-49.00462
248.32201	-14.82316
331.97135	-7.21984
130.61738	3.74594
134.00447	12.30978
350.79561	-0.40514
155.93417	-10.17509
40.30455	-12.2495
208.19654	50.90074
88.94847	9.73015
130.21562	-23.80749
242.90662	-2.03317
266.19065	18.28619
58.48714	33.35446
168.46667	27.59161
172.60664	5.86668
56.89167	-3.62876
99.978	-18.81342
241.05715	-2.45097
314.17353	0.90612
36.67613	61.08798
253.76136	31.16786
302.60525	-6.14814
46.64012	-8.95372
355.79062	41.78768
110.26534	38.1093
84.68665	2.38447
327.26856	-1.01054
117.54969	66.41873
68.55323	31.19421
57.58536	-20.23246
206.8326	-0.51098
162.28832	4.11344
168.48265	9.27505
349.50643	-9.2692
329.94197	-18.03297
0.75468	-58.75638
320.95351	1.56487
348.19951	5.12393
47.59994	24.81557
317.50545	-16.6665
96.59898	-43.30236
221.60078	33.72154
170.98348	44.64681
109.2208	37.54321
42.71348	42.82101
118.41549	21.8574
229.83086	-32.30044
306.75122	-0.5702
327.47788	10.4977
92.74933	4.92151
256.85234	51.80562
244.76602	27.34403
2.30888	13.5935
73.9535	24.26981
169.39915	-2.56531
345.31323	16.8125
357.0616	11.02516
75.45672	10.28769
243.53548	-18.33982
326.39021	-2.3579
6.73633	11.78234
24.04694	10.77724
225.2341	-1.83615
43.9535	16.34724
19.0863	3.72827
146.4979	14.7047
89.32736	29.87736
115.75617	5.25558
77.6298	67.02427
214.19287	21.01823
323.12174	-3.68033
324.57114	-16.10605
224.80787	-6.74645
227.27552	-13.70924
349.14761	-34.04844
15.4047	24.04521
356.50751	21.83839
357.82764	13.47346
47.6117	5.75129
37.43231	4.62425
49.86452	18.7324
114.06254	31.8685
129.33135	28.40307
197.25953	-10.99517
306.40382	-29.20554
26.97963	-3.50084
188.25911	2.09722
140.07921	3.02178
144.63835	27.89827
169.9375	5.44871
188.40506	0.76282
311.88448	-15.52422
344.9028	25.18801
102.02643	32.72487
339.07998	-35.53121
144.611	-7.91327
166.06837	34.18602
123.30674	26.05775
131.0286	51.19787
172.20646	51.05535
176.44513	14.78082
301.42622	-11.03927
39.92023	-7.84279
265.93924	34.14029
328.54042	-22.58689
358.66864	-8.87672
314.02748	-8.69077
339.15272	24.40235
133.36773	39.90299
141.93171	24.4177
138.28889	16.27391
94.74457	26.5566
322.39251	-15.66833
290.55947	-47.1241
5.78075	20.69047
322.36343	-30.21326
306.10279	-20.26419
2.30713	-0.69881
19.10866	0.39375
144.42576	6.37013
67.47458	-26.34426
322.28184	22.06304
53.18393	26.92083
135.14816	11.85065
234.49741	33.04834
157.30176	20.13941
206.98137	-29.28138
241.68488	22.98972
175.92195	-39.23269
35.80605	-33.7669
31.32759	5.21994
15.33963	37.97593
140.45109	16.40942
150.117	6.44082
151.31176	-7.42473
113.45368	30.81704
131.34424	20.12986
176.54734	5.67277
192.37403	-6.14003
104.61335	38.51334
174.9224	47.64764
238.88447	-12.25004
247.04571	-14.15886
327.22183	-40.74784
349.54272	10.64321
6.19272	-41.83932
50.44814	-19.46549
61.84464	18.58151
66.85657	9.56467
41.03548	-17.5343
356.21272	37.09014
125.44496	37.36122
220.86552	-11.24801
56.78863	-51.45992
235.33797	0.06049
309.55252	-12.04707
247.02152	-8.4489
352.21431	3.38067
114.83921	53.8232
113.4478	13.53495
21.70627	34.18085
131.79186	24.2871
143.48263	14.92957
182.51215	-4.62847
134.71487	15.90945
176.10029	-1.67691
259.95018	7.63697
57.03865	11.56351
339.75763	26.31418
39.49466	11.74813
82.5341	16.64726
29.86839	7.15544
83.16266	-30.34219
120.5837	17.05745
259.67826	2.6166
325.42013	-6.40338
27.53771	2.09199
77.21963	13.597
20.54883	30.81415
193.03168	-13.5039
142.772	31.3548
177.46881	13.24697
209.666	-15.72789
195.11777	-8.49276
330.61916	16.92236
326.28101	19.11001
285.01927	8.12306
99.26161	46.36203
58.23647	12.60874
127.57772	13.67234
49.64331	5.5296
175.22497	40.39535
203.59429	-19.49195
177.10348	-29.84179
122.85734	23.88865
205.58177	73.42541
335.00291	-11.32888
37.00691	30.83776
62.17982	24.51009
162.52396	-4.54825
170.45254	11.70788
189.3505	-4.45441
211.82374	-10.6292
352.71092	-22.59207
288.8161	-33.1376
27.32591	11.26919
335.28574	14.27213
126.61027	-1.43547
207.01697	-5.39273
157.66507	62.3594
222.72656	19.82943
168.85863	-22.93542
224.46551	6.55615
205.31292	-17.64601
331.22691	21.61773
301.04235	-18.33025
118.68132	-70.67204
79.0966	-39.12386
46.72861	-26.31338
77.2278	21.98549
128.67811	51.00592
81.28259	-2.24388
229.96875	19.76093
239.94711	5.61237
320.55186	-9.28979
19.01693	-20.07751
122.75385	-4.00229
339.8408	37.80898
112.73535	33.26544
117.32268	12.13814
122.96634	11.79843
195.52927	3.72026
186.25884	2.08195
202.04999	11.22738
260.33013	1.51529
339.05678	24.16563
11.90652	-0.05425
264.42302	14.8039
61.58301	-36.531
11.2899	-12.2635
124.11865	8.58855
159.52762	-23.15595
133.43896	32.68345
241.63403	17.36769
172.46749	-10.85153
225.36754	-8.80224
112.11704	-4.22272
249.35107	57.34551
334.22421	43.24869
39.17495	36.89564
322.05485	5.50377
38.26984	33.40883
90.56304	38.92952
202.75046	68.8659
178.60454	42.8122
206.32851	-9.52077
170.69122	6.1772
71.77792	-57.81289
278.16786	25.14937
341.12136	-18.67578
355.03701	38.28725
346.52911	25.54924
1.39255	55.7619
28.38374	16.71103
15.68251	-20.47622
15.00485	-1.72114
151.94039	13.40182
231.64775	26.27485
227.51857	25.24601
194.21926	-15.40106
325.12019	-23.78698
348.95938	-34.94513
50.17058	28.67309
4.43807	8.41692
302.5529	56.86681
145.09881	15.80575
105.70922	12.13684
188.80485	-8.74487
259.0978	52.39715
323.05847	12.17816
75.82103	15.82434
125.12018	59.52223
121.90355	45.72388
320.74036	1.84816
12.94832	19.05347
234.66244	28.59264
218.02102	-25.35825
326.36215	-24.06645
322.48582	-2.45872
2.33955	-5.18236
76.65713	28.16989
105.48376	57.53654
34.83726	33.68606
309.96686	-4.73469
339.53529	3.41687
108.2805	20.838
114.26154	40.57837
22.1991	15.92258
199.13398	4.9308
186.14308	-23.34419
228.67075	30.78532
177.90793	27.03223
228.76986	26.05058
197.22708	6.25449
205.78898	-40.6894
273.20583	39.10599
306.6368	68.67858
336.63538	-0.50779
146.10695	-0.72441
8.01763	11.18561
169.79893	30.45676
207.7502	30.58274
246.71026	-7.96012
97.49959	51.05033
333.81092	-7.03411
220.98504	48.22119
39.39213	3.28164
120.2765	13.35887
57.9964	15.63359
210.9767	-20.68199
55.88827	15.89395
20.4441	5.17731
50.05471	18.87269
205.89666	1.39344
235.15606	4.54047
349.22003	-1.37796
149.30663	12.90942
85.5006	-12.20192
236.46163	3.80697
313.0652	20.14549
312.40882	-22.69844
55.25667	29.79861
75.3234	5.73803
123.68423	13.16935
231.62429	36.20252
307.99879	16.69781
11.44419	-21.46023
65.57876	21.12424
137.05021	29.53417
128.22721	41.63367
53.07619	24.63956
132.86058	23.02568
219.18653	16.44217
235.58285	1.23142
320.93207	1.85357
27.98193	-3.09002
150.9361	11.42709
154.18726	11.91149
134.90213	17.84132
29.74746	-20.1212
128.19887	28.55943
129.14034	22.21118
54.96491	57.35984
172.87727	-0.25548
315.58166	-3.38941
6.70322	39.91215
309.36416	-6.0582
355.43079	33.48378
40.02177	1.26285
150.17787	11.94897
233.95913	-1.73552
302.1404	-10.2888
89.61877	-23.88418
25.46401	68.66569
56.04121	9.2497
84.34669	21.58874
167.66694	15.41499
140.96015	45.39465
152.70272	6.06936
213.69796	-32.89085
202.90919	-11.78093
331.28358	-4.56863
39.72922	-0.42933
129.97112	39.47345
78.35855	-22.09239
217.11604	-7.74841
27.01126	34.34855
19.94479	20.22737
47.67633	9.10747
82.09432	-17.14794
146.88268	4.90413
230.11969	0.15878
298.93183	-45.64504
318.55109	-6.31332
302.39025	-38.17917
342.16526	-7.10418
62.55397	11.56112
326.20609	-19.22956
1.48907	0.10369
138.78018	5.50372
220.21459	-16.39947
240.89179	-16.83139
343.01183	32.90619
35.1793	28.26672
29.96938	-19.68646
22.18807	2.85352
64.26531	-2.7072
174.51533	1.33698
250.10143	36.38477
359.02009	0.98265
48.36246	18.22112
120.34144	75.2794
129.15947	22.55671
176.88788	36.76257
162.74613	2.83605
182.72086	27.0236
144.19972	-9.4094
220.85298	34.05371
3.62283	6.57087
331.8342	-20.2358
28.83456	15.4855
54.14387	14.79489
120.66797	21.72158
125.58594	47.44932
179.906	11.36882
164.9763	70.07875
284.71715	-61.15202
10.45107	1.84121
10.25105	0.17391
303.82141	-10.97948
130.30361	26.77337
159.47862	12.53451
107.29413	36.54116
142.2955	24.36692
167.40786	22.22588
204.95481	16.49471
143.11527	21.21604
179.28752	14.51872
245.99758	26.23444
233.16267	-7.22723
212.59709	-14.31957
289.33214	-51.03171
259.23901	0.95294
70.00036	-1.84392
251.11091	13.71343
150.78408	2.03998
137.86884	10.62946
92.15181	-18.02604
133.63492	15.57243
188.96912	-10.9765
174.38551	-18.0915
204.84706	54.6123
209.30411	-18.03987
202.30101	-2.59704
196.88428	0.25019
337.46969	-19.45272
355.44535	2.75035
51.73123	6.66954
193.21179	-6.06864
135.00986	-1.6994
306.52577	29.44494
183.46204	37.90363
301.12168	-9.1597
210.92951	6.13466
304.5189	7.25599
349.30394	-0.02335
304.74502	-16.47309
307.18139	-21.48115
330.54452	-2.55822
11.71453	35.79106
309.68652	-22.16697
340.15655	-6.23542
39.6128	-13.84826
95.99324	19.20604
76.21923	10.59421
184.21762	25.1328
215.09086	-37.81149
328.68322	-24.56683
241.06185	0.99038
244.42154	-10.74873
266.90688	1.62163
336.39246	-4.78247
306.93861	-11.73027
84.24322	2.05778
118.12062	7.69257
161.2027	-7.70262
177.89987	23.23242
227.45891	53.72047
117.13083	69.87085
26.72471	-14.8077
23.95377	-8.43582
75.70464	9.923
76.41306	1.93538
348.52803	36.77017
57.71583	61.82084
218.80553	56.45851
166.44545	30.53724
187.46697	12.7075
101.36624	46.21542
248.22937	31.12184
253.65175	-7.06947
184.56554	37.68995
313.29348	1.37178
289.43572	46.79613
24.15027	26.75434
43.77337	23.85022
297.64019	56.04094
36.0204	-7.91657
109.90394	-3.55886
135.89195	-7.16753
27.63691	-12.12363
247.35629	35.16928
255.6968	13.08513
344.78634	-73.99376
322.66398	15.68221
319.33869	19.92
67.92977	27.90256
53.06094	-39.81737
43.68714	-0.4794
139.1291	71.00367
177.91468	28.68619
216.74462	17.44155
222.55938	-21.219
162.52182	59.35959
331.1642	11.38298
254.47145	-7.33221
351.96004	-23.07229
321.44378	-5.6811
48.49793	29.1081
122.9878	8.90107
142.24955	31.64913
139.23864	-12.48566
173.80194	-22.04831
123.91717	3.07873
208.57024	5.67626
282.34487	9.84753
351.92657	-30.53726
316.82838	1.24274
226.81933	17.46198
44.36462	-4.78795
330.40985	-18.06135
74.85928	-8.89462
30.49036	-7.66998
141.51884	74.27118
5.80078	32.41526
81.21204	5.43312
228.16864	53.61688
315.81794	-16.37319
321.27449	-9.98787
297.0875	4.04214
342.46699	6.03041
328.36194	-12.52743
71.65321	25.09638
75.66239	-14.1492
85.41789	7.84369
137.22789	32.28637
216.06411	6.26468
136.03741	29.24671
251.21728	56.43981
216.3531	24.01716
226.23842	10.63365
228.12897	2.34132
251.78446	13.96835
207.44609	54.39539
4.70764	9.68805
46.40747	46.37129
216.8252	55.39981
12.45661	-6.83952
282.94803	47.83849
324.35521	-15.78222
135.2634	17.12226
127.88861	-11.70761
262.44689	30.51459
338.48466	38.89331
341.45254	-23.3617
54.30747	29.75603
75.70095	6.79477
266.29034	38.07496
41.35159	23.76514
11.22402	28.73528
249.28195	-6.18568
85.77774	44.53114
335.9929	-14.6461
177.15786	25.81442
248.69461	-12.61827
54.80172	-2.89849
248.20596	3.20696
350.27046	14.39485
335.36293	-10.16608
321.17972	-9.0984
349.30898	-11.08902
345.91928	5.09381
22.57779	-2.39389
51.70414	20.76305
332.12729	11.94556
127.83566	32.67798
205.07823	14.68906
316.16138	25.14212
108.79217	34.60365
6.42728	20.03016
67.91283	26.7716
62.48471	34.77694
173.76188	-3.59507
204.18883	24.22798
136.55071	35.38615
211.86125	-13.32515
302.11106	-5.01347
322.47714	-7.20916
333.27489	3.76085
314.86752	-4.37901
344.44847	-19.22067
79.51603	-9.80338
90.40971	-3.08477
183.00119	-15.5786
198.8139	-24.24201
228.84995	-9.61844
9.54829	29.94407
32.94545	29.86364
85.07277	-0.19913
239.65712	-14.82385
220.84297	-16.4236
243.42263	40.07535
49.00198	12.9456
209.80041	13.14381
208.54493	21.34058
147.57184	9.85998
206.62999	41.2938
340.31296	-60.52824
11.78114	12.84433
161.45597	33.31934
108.83904	23.6751
248.16123	16.23268
214.19731	-13.2787
290.83155	-58.09891
352.91323	-2.60706
322.5387	-19.13008
359.13625	26.36023
317.42404	-60.24154
49.41812	14.94262
57.62042	15.97564
340.90198	-10.10715
127.66126	40.56681
251.47622	31.09277
256.65765	45.68909
251.73455	-21.50371
12.52895	-1.41514
30.51009	-26.51973
19.18902	12.3095
25.49828	29.37128
186.63847	0.15576
163.06048	-3.3659
62.91307	33.18059
241.76964	-3.8792
203.80173	-6.06621
19.0265	20.73761
59.39527	-4.82914
81.41828	-46.2196
137.44637	41.95456
11.33205	4.74964
15.00686	4.76855
105.14942	48.37744
210.23625	-0.27599
296.2425	-14.36972
10.86461	-11.44756
351.38539	7.71331
280.60847	54.55396
75.62955	14.93336
245.19683	-19.26003
97.32993	61.71875
10.60359	-3.12345
342.05767	11.45042
45.79227	31.3181
129.44157	19.75534
154.26769	-1.16474
150.44055	16.00747
23.60359	23.00553
62.04654	30.65656
103.09743	18.14794
154.48056	41.22931
222.49525	27.307
179.11893	-43.34988
207.40834	-23.02655
232.10957	6.08592
227.73251	-0.85507
336.16367	-1.96763
317.53067	-2.89079
329.44552	14.59446
28.16492	20.01056
317.17243	-9.47248
314.09321	-14.23706
60.88815	-19.44576
83.38231	55.21713
160.91558	21.52231
100.93927	35.5523
176.66576	-4.83106
197.05446	-2.76422
227.22765	-15.94164
327.48715	-6.80807
34.97062	-4.20119
348.85606	-0.27748
63.5687	9.14765
68.99157	4.95427
87.88539	11.1358
206.15751	-13.15236
206.51041	4.49674
233.66744	-34.55364
255.53947	10.69751
322.27342	6.31706
40.27784	-38.8352
322.2015	0.19435
251.33894	-2.06113
327.15783	-14.3891
18.41794	5.1307
98.14237	18.7226
114.84362	13.7978
147.96316	44.15096
22.56064	5.48935
153.15021	17.55355
215.39179	-37.89886
134.69583	-17.73529
169.16086	27.68687
205.30465	-30.15523
150.54948	-1.09418
222.59152	-8.40729
226.08728	-2.46536
356.91044	5.51772
317.7689	-4.48779
338.8858	-9.19268
63.35669	-2.10405
76.55425	10.19676
65.77893	-1.86675
187.63215	17.38395
65.55526	0.55389
87.74874	-8.58246
211.55612	2.27386
148.26445	7.91772
127.1104	-5.1152
124.56125	-3.37733
129.17821	59.59467
240.55902	-10.9956
189.84735	-29.17744
319.53334	-28.67429
261.74121	-12.19886
327.71678	-14.94424
253.92172	-4.92285
205.5416	7.40233
249.62382	-6.40193
341.59126	26.52726
66.01111	6.92801
15.22676	21.81974
48.64674	12.83995
40.65318	29.0393
118.14692	58.28653
58.24548	31.65945
161.39413	31.07393
230.96165	-6.84219
108.86558	22.43846
215.47218	18.72649
248.85451	-9.81803
197.44131	44.88363
262.61257	72.36596
314.84004	-24.35112
31.39727	-40.7562
286.58647	-41.34201
28.59107	-14.63334
351.57057	-0.51113
121.31062	37.84059
348.68673	15.58013
74.53477	-1.01061
69.34871	29.1153
340.27802	18.43407
137.65357	5.17825
312.97343	8.35887
284.93498	-36.81873
217.55457	34.03977
342.08356	-22.89652
288.84186	-16.2857
6.29694	-24.94724
351.17332	-20.35739
32.99123	7.57046
205.06606	-29.41603
242.33307	-15.91071
97.29821	20.80845
131.15474	-4.58886
324.02615	-32.79995
231.01456	57.43676
26.33976	13.9493
270.75731	29.65778
61.04169	3.17442
8.77816	23.88956
348.95391	32.40351
37.37791	35.09326
114.34323	31.36575
45.86429	-5.5753
74.42893	-34.44451
124.51554	43.94055
150.33818	12.19623
134.89228	25.72754
212.32409	13.61729
129.35929	43.4935
177.76531	-8.84843
90.54957	-26.3089
192.79545	22.08307
136.16432	-0.59774
308.1515	-13.33632
237.16484	-25.42925
330.2254	-8.16942
256.32235	-22.61882
162.55561	-35.64552
268.32315	35.68802
357.83079	-1.93033
324.85739	0.8029
37.51704	4.01291
144.65032	68.26291
134.29617	9.02991
115.70889	38.15392
183.67639	44.21966
194.59651	-3.04791
228.55039	46.57836
114.46667	24.48085
179.31175	1.45177
227.83128	-14.53604
255.61649	41.62196
192.31951	29.99886
297.99439	-36.74492
320.69069	3.67146
280.32306	-33.13578
214.40058	-27.53381
191.79319	32.28014
159.641	3.46496
212.75487	57.01751
331.65685	-53.85966
273.21032	-17.50473
209.37472	-31.47344
352.02406	-24.26308
64.13002	21.95932
251.33514	6.58605
258.06016	26.13127
217.88602	-15.12346
263.1633	0.9082
322.85242	-8.29449
341.43158	-18.75689
31.88777	26.48845
3.92058	30.2509
29.9373	-17.17626
79.05605	-20.58756
88.74993	30.2342
340.31183	29.63737
175.22392	25.54941
166.95732	28.86806
233.08069	-6.92776
270.29504	42.00669
337.81395	-20.04023
125.23848	31.74693
112.53992	27.11092
74.33039	23.74922
246.65253	33.17031
327.00227	-16.64154
326.55963	-25.47321
335.6367	10.62328
356.17021	-2.28323
293.34806	58.24652
59.74887	-22.40887
225.90715	-0.67806
357.23824	-0.94196
173.36989	38.19383
204.82441	12.83246
214.35114	3.51675
323.19288	-7.05675
3.62329	13.86938
104.63069	11.20095
133.77189	10.71436
244.79769	26.28285
11.50929	-6.73512
26.77521	-4.55395
58.84938	57.27729
316.23315	-4.08231
8.74518	48.34768
119.36366	24.50496
74.70374	10.55401
213.25418	11.30783
201.85997	-10.98789
332.08987	-3.06595
312.72098	-0.07217
9.20624	13.71659
70.61953	32.5361
115.68065	18.45486
153.22649	5.539
319.44628	-6.03671
356.25254	-16.65082
47.74941	31.35663
79.77448	4.04621
189.19186	40.88995
158.23964	8.01077
219.63202	-13.29186
229.22804	-26.13536
323.73812	-16.24964
338.2587	5.79952
1.16879	20.40779
61.43007	-6.32836
18.49392	10.77494
274.09816	74.82306
330.21338	-9.94192
51.53584	16.60206
88.27359	-21.19379
194.28272	12.25998
193.68085	5.28436
201.58155	16.87656
214.38439	-12.9262
238.44657	-5.44766
14.75732	0.55545
17.86374	-43.85718
340.80321	-1.32506
33.64669	14.99691
1.22674	-6.73677
72.57105	-16.50792
112.53535	13.03996
316.5543	8.66281
137.98818	15.2122
69.21107	25.98503
122.26424	20.52889
139.07717	15.30844
239.41535	3.47064
33.35406	-7.85458
85.48204	27.52458
38.24072	14.59819
43.71534	15.56587
73.50134	70.11925
126.06737	18.33776
64.09583	-5.56658
160.87269	1.04232
220.02356	15.39595
168.73335	16.78072
156.43717	-18.53353
245.66328	4.22981
346.18496	-17.88581
328.5642	7.16257
13.5024	8.748
346.06116	33.12087
27.2448	39.67653
36.68522	11.13983
31.50495	9.33486
69.99628	-10.79438
158.55677	21.55061
144.18129	15.43424
244.97922	57.64083
234.57818	-1.41686
319.29373	6.8745
34.245	-37.19785
337.02657	-15.80725
159.22319	1.69116
185.77037	20.35268
189.36743	-5.79724
204.86703	-3.09835
277.11949	56.80731
222.51094	43.59407
351.236	10.66363
324.46973	-11.00042
46.08074	1.41836
51.03403	4.6938
138.82379	55.46814
13.50146	17.07624
27.41969	13.74185
39.31949	7.57742
61.8444	26.98365
80.38722	25.64426
157.88836	52.36365
196.07838	0.54056
265.92077	-26.57514
261.84744	13.41873
17.82764	8.36409
24.47929	32.08092
144.01228	35.78917
45.48212	39.26097
94.01771	38.59396
75.17166	50.0698
219.42082	22.8039
156.53484	3.06282
186.60289	-16.93284
188.00986	-31.46392
341.50267	5.79322
242.92303	43.40086
312.97631	25.59394
315.42826	-14.47138
343.0879	9.00293
307.16324	-34.97529
359.41617	-16.93708
41.78231	18.39697
8.86525	17.33799
339.86861	-24.21681
137.1214	42.07082
302.00713	-10.92245
76.17704	17.47057
116.84862	24.51261
122.98994	-6.91825
265.12945	10.83601
299.80199	-27.90435
315.9298	-24.49231
299.36861	7.97246
322.15669	-10.21703
357.71286	-12.73887
126.77473	22.35048
72.54894	11.9465
99.69113	21.4901
164.27936	6.73948
167.69884	-4.60432
157.80039	-26.93045
258.24526	13.93563
218.05053	-14.77446
265.39088	45.35581
310.31064	-19.87962
152.82539	12.82982
35.04933	-29.18846
304.97142	-31.46929
356.18406	-13.12808
351.81763	2.598
52.87831	0.95892
35.96337	-9.09414
100.65374	27.4655
119.13111	17.74894
146.92869	21.97369
175.49557	23.21981
184.41505	-21.21462
182.03429	-9.88114
150.20267	-10.03237
99.76408	-6.37295
290.75551	-44.19158
232.05942	34.00297
304.58219	1.49346
294.62808	-41.87424
229.43729	-33.09371
335.24419	-28.03648
301.91946	-19.69594
26.87133	1.89538
16.49136	-2.2288
358.12724	8.69051
57.55605	2.18548
71.11754	12.37863
331.19168	41.33536
60.07178	28.15069
97.25558	59.73184
4.88357	-19.91308
77.44636	-29.21403
82.19995	-2.18299
214.77514	25.21784
234.29589	0.0031
157.27851	-28.84257
248.5827	-8.16571
177.57199	5.02916
257.96491	54.78308
218.76309	-9.87805
357.31906	-27.24056
340.47788	-31.10591
19.43059	-19.95024
57.08569	3.12172
60.44386	-20.73123
107.97362	11.33765
173.59548	53.63255
4.27329	-30.66428
65.06224	36.42873
126.91494	35.96187
106.99133	30.00878
149.52297	-7.12281
193.22184	3.43303
203.69342	12.52915
203.85897	-41.51557
230.42732	-27.77985
231.45331	29.39493
314.57127	61.86224
268.131	59.94061
330.16322	-2.04128
37.38919	15.57705
129.00238	42.70751
281.43292	51.583
114.24301	31.93395
53.58966	2.70505
331.85649	-7.43362
149.24971	15.20723
197.71919	-7.92188
56.09558	2.05533
173.62954	53.41092
218.01403	-18.19448
222.28212	-18.85988
312.01776	-7.10554
281.35675	-25.38931
354.38892	-6.76429
41.75259	10.36347
34.43091	23.36034
54.81151	28.79247
148.57691	5.66287
156.14066	-7.03156
95.90087	10.38505
113.10703	28.60954
328.46556	-3.79016
211.90447	21.24979
336.74675	-7.19895
326.81921	-12.77579
37.44274	0.72303
43.58799	-3.55772
50.7607	2.66898
25.19499	35.72739
285.51368	2.53033
138.63903	39.80356
152.39741	-3.57288
151.41269	-17.66898
57.68002	30.56851
225.72016	-21.25009
146.68214	-36.45125
211.29837	-8.47078
251.65265	12.69565
209.54629	-9.69609
308.40054	-15.49064
309.2043	-40.08216
334.24589	18.1355
26.18531	-25.71908
29.89503	33.87287
11.14553	-5.26743
305.96571	22.85888
164.04442	44.43286
134.87998	4.74605
74.822	-4.09605
224.67413	47.83283
177.71632	50.59957
85.40769	-13.27217
176.82193	26.68481
165.47565	19.29194
240.08145	-5.69934
311.4098	-28.20609
125.02302	10.69482
323.3133	-9.82885
255.33308	6.99835
339.30177	-21.47169
327.97797	-3.61668
78.2967	-29.63131
61.18505	14.62836
32.20093	5.07656
30.02635	35.39838
65.41502	19.96403
85.24256	-9.25514
132.52674	4.71377
108.38086	10.44147
286.32251	57.69437
321.1944	-1.93196
4.04492	-31.96818
32.45049	24.36375
62.94551	11.07895
202.96643	43.71156
160.25342	-3.60874
317.85891	-0.66555
214.51383	29.82703
25.21524	-25.14184
12.03301	13.45718
353.99398	15.76534
21.03843	-28.26687
42.85923	-33.76735
23.04609	17.47949
134.34903	72.69675
205.23317	12.20518
149.32622	52.29189
344.52533	1.80324
2.5478	-18.76608
33.34404	31.6974
357.07689	-25.0104
330.91756	-8.63333
251.27706	29.7887
332.01951	-20.74159
217.20475	16.83519
57.79261	48.93337
11.20239	8.7253
267.05333	31.42364
82.87831	-16.34419
229.35868	-7.34556
214.28134	-5.52195
321.75931	-39.97065
75.68606	-1.39702
189.63835	-2.14536
148.86624	13.1749
58.03148	25.04331
351.0438	-5.12908
321.71693	25.76769
319.07045	-2.45912
89.54994	53.83954
60.94678	9.62498
164.35194	38.80084
244.48778	-6.60567
332.77137	11.98811
3.48992	-4.74113
11.82701	18.07229
132.79665	26.99136
75.39787	14.99861
87.5792	3.75677
170.59065	5.74262
158.97247	-2.76998
157.87869	11.07354
260.3086	-15.73651
260.66908	36.35879
356.69178	-15.2296
354.94305	8.76616
93.89406	12.78636
145.95792	14.54479
104.35514	21.79546
101.88017	16.22352
177.29041	-13.97352
248.29349	-17.50512
248.7769	2.80777
351.46507	5.95263
25.1233	15.59508
17.95958	10.28329
55.30467	8.61571
42.42976	13.47565
157.13284	-6.38003
168.29181	1.64387
255.74616	19.82395
307.1011	-5.21895
286.01411	19.40071
298.8657	-27.35646
128.94824	0.00267
0.83223	32.39556
11.07085	18.74829
26.37856	11.19483
53.15152	-55.6058
73.46081	16.56341
13.73719	28.51799
192.49638	-21.08553
110.63238	25.68464
227.64623	-16.53224
203.73958	-37.48467
189.39894	0.40237
248.80493	7.18738
331.45247	-6.91277
34.33529	16.21857
353.72403	8.51823
48.35893	-6.05789
3.50019	9.23873
125.85178	16.07503
81.27803	23.06558
18.12377	6.51985
200.64434	27.09151
253.32289	38.87005
21.99384	5.81863
112.35001	40.19293
58.12182	19.52283
73.33776	-33.17585
190.12023	-7.76689
327.00073	28.15172
36.46597	3.34163
0.70137	-10.47894
108.22921	24.71168
158.06613	44.26902
339.50854	25.74311
173.9742	15.93709
307.97421	5.69344
352.76083	-2.94786
40.60025	15.69657
70.14142	14.0164
29.8867	40.13337
134.14588	13.84604
20.33739	8.23971
147.96245	1.00304
99.76279	-50.03202
216.1835	11.87595
198.62983	-1.28788
241.58317	17.34513
324.31737	-52.98524
232.50373	38.83123
323.47631	1.03913
326.55577	-17.8828
6.87278	41.39065
34.42692	3.67593
109.61083	55.44831
64.80906	24.02891
161.88699	19.75005
235.3301	8.28619
204.19145	11.4768
193.67331	-35.01516
169.34981	2.24693
318.69556	-3.0199
313.98435	-37.91119
332.76295	32.84284
17.57003	7.9712
16.13703	-9.38872
119.8841	15.55023
211.23561	-0.29336
323.45741	2.05588
338.67809	6.96698
325.71181	-8.78122
355.40073	5.05517
36.14164	22.21172
44.7912	41.81486
63.09946	-32.87311
7.25448	15.9664
140.14307	39.91603
122.79971	11.62842
134.53087	0.71787
137.30009	11.23313
116.2906	31.39292
105.29796	39.6748
194.21919	-4.6587
268.88571	35.09516
185.67568	-17.3308
323.58904	-2.76416
47.72762	33.37168
151.64071	26.26898
44.17657	37.1101
146.96422	10.98187
162.0305	3.4491
114.74647	33.39922
128.53732	2.47565
76.05384	20.43309
203.7334	-3.57367
164.72535	-3.29074
225.35424	0.83182
236.93138	-34.51005
314.10452	-34.30878
351.38359	-18.38582
311.11238	-14.13353
105.65368	-26.90223
50.26831	-68.13199
45.86061	2.49813
130.74008	36.96556
107.44332	53.50258
137.57287	11.7437
143.06478	24.40736
147.5415	16.22131
135.64064	23.36445
209.14553	-12.99139
265.52955	-20.09852
304.30482	-11.13791
220.56444	-39.71139
17.96171	7.67404
347.50786	-16.54676
46.27783	8.09441
313.12252	7.37957
144.86397	-4.20274
145.64379	-11.63265
54.7285	-3.72514
299.65558	-5.75362
198.24198	-19.08523
225.46977	-4.49877
256.82915	13.58831
19.12696	-26.04594
256.64135	-20.78306
338.3355	-2.03543
281.32655	3.9765
18.93816	51.63929
322.77165	-10.73092
24.6136	58.06659
324.65763	-10.02769
53.84291	15.63097
21.96552	25.847
148.62733	65.54368
222.32596	-16.38976
168.58138	14.37653
120.10958	38.68099
234.12368	13.27775
15.17021	-14.55195
348.91419	-6.07257
48.05283	2.61372
59.75053	46.06578
47.691	15.60915
27.42389	39.27408
109.93538	32.75649
78.88291	-6.3001
81.82481	63.99026
134.46937	-11.07287
133.94508	9.00073
250.37491	57.28968
282.58434	28.7904
142.49106	27.57386
249.98783	58.58159
312.65292	8.23716
250.3169	-9.70859
327.82367	-18.77115
320.2178	2.9353
67.03762	-26.43415
169.82997	51.39555
176.81563	2.98628
209.04381	11.86666
128.12336	-7.02859
155.82969	5.59964
188.11781	11.11808
209.67172	-11.51592
27.17109	13.7556
19.85992	19.58397
170.79129	19.32679
57.25068	-9.26029
141.15197	50.27511
194.0475	-1.41067
193.99619	20.16546
310.12877	3.16481
269.39436	-6.10735
339.43882	-8.32363
343.73575	2.42527
315.04516	19.79229
283.06052	43.03112
43.4989	36.218
117.11368	6.16309
66.81491	-4.3153
171.60676	64.04369
284.82734	48.54692
171.42615	20.27664
88.7201	-1.29012
58.36679	-0.96559
144.02588	41.65996
202.53769	4.27679
208.2033	3.69332
129.59769	-6.17387
321.21477	-27.27913
291.64068	-31.93431
9.32085	-17.14383
310.45026	-53.0052
93.37332	58.81304
50.24157	-14.81005
68.00229	-15.67818
3.19003	35.52389
32.44595	35.01642
341.49935	-0.7397
123.44465	17.93522
149.13151	57.56872
164.82005	16.35476
29.6466	13.13985
169.83965	-74.21583
311.16971	-44.22775
60.4926	5.68931
87.25346	-8.90837
53.5616	-30.72612
349.03807	38.42435
341.0066	26.52237
98.30983	16.91557
135.1063	15.90665
215.75793	38.89947
229.88705	0.45053
151.47103	-78.63505
69.832	33.54219
131.46213	22.41237
69.13232	-53.20324
228.74893	3.92994
206.38683	-49.32944
23.76551	30.95777
353.80162	-1.41211
341.88596	-13.46433
98.59203	10.72459
69.06965	56.60479
185.32889	5.03234
304.83398	-3.21544
242.88503	44.56492
52.58572	-17.16464
68.99074	7.52362
167.16935	37.27394
38.42572	12.52317
6.76935	5.1874
43.59202	11.63381
154.40952	13.04944
120.79858	17.08636
157.06878	4.5659
166.86623	-9.78038
216.329	-9.19054
231.77719	23.73243
7.95761	-5.95585
167.82752	5.46903
305.33073	-6.48277
332.17889	-4.91512
354.04199	0.58892
86.69452	32.52454
77.10807	-7.16435
228.47056	20.59224
183.27504	1.19919
233.22024	-25.3635
253.29216	5.60725
20.6687	1.3078
23.77718	15.30297
35.7315	11.12983
70.66566	1.31532
175.28862	32.38552
158.40075	-4.25082
139.64081	4.56677
201.19602	-4.85856
329.45479	17.25214
25.41007	-19.95988
48.88564	3.68468
136.75081	12.74093
37.28312	-9.46766
146.18296	-10.9327
228.60804	-23.57476
248.43865	-6.21359
166.56983	11.36068
341.45123	-15.13408
276.8883	30.11504
326.26533	7.88263
28.53087	26.97834
74.01499	-15.5474
150.09384	21.89841
102.71338	48.74244
180.2768	-5.09559
7.4507	-0.11167
117.33319	28.86465
114.45695	11.88474
133.67658	11.01127
129.81367	20.14915
149.34783	9.2652
215.93249	-8.09735
121.97513	12.09097
231.04018	-0.47477
317.33665	-28.65461
27.46101	2.70453
1.30749	50.18211
47.53661	14.95018
16.27373	16.10414
63.03027	-2.40019
42.15531	-16.72193
124.65677	8.73146
217.19696	-11.98099
70.15277	25.12556
147.65321	17.67614
163.6123	-6.59957
232.10451	21.19665
192.55609	-2.09078
238.61784	-17.18679
332.73078	-49.13521
342.44616	-9.80689
333.42711	-14.83939
336.75407	17.72886
47.34445	15.02726
62.51027	21.78317
70.10637	12.10292
117.41591	15.97822
217.38294	15.96606
195.24243	3.33427
250.43223	12.64639
313.52275	-16.08643
271.28529	-5.49548
320.76353	-24.53649
343.12108	-5.79039
28.06798	-12.3122
10.64961	-14.65309
328.77845	-12.08208
15.663	-10.66514
356.17642	42.17193
10.0453	19.19951
217.36449	5.59175
197.81003	23.03753
145.97977	4.28183
139.25105	20.23714
180.6519	5.08131
311.32988	-4.31808
6.86808	-34.49891
348.12252	-64.71815
319.40609	6.72622
355.20112	-6.95113
47.46179	38.1679
70.1863	22.04687
72.85388	-10.65941
149.06442	20.12173
128.40867	-2.99353
285.21827	-36.80218
129.4775	-10.98248
203.12753	-2.86303
182.97738	-14.58833
330.72969	-9.45871
314.55622	-34.51374
40.25264	10.69098
158.32953	10.27228
150.50183	17.20502
154.63683	10.77196
214.16013	-12.23929
209.5953	-0.41189
184.74538	-42.65995
333.81819	-29.95207
10.58827	-47.66637
5.78989	-24.38544
13.15784	7.14608
39.68629	21.64319
109.86682	32.38091
115.02345	1.19374
197.37922	19.11861
132.9926	-32.44025
193.23369	29.51335
173.84696	-7.02126
233.41436	-21.36519
236.19077	-10.06022
335.63323	13.14283
294.87341	-12.82536
266.14791	8.10726
255.64474	33.59507
34.50382	-27.79943
105.30984	28.33034
122.00447	24.31551
186.08308	-4.61742
255.31117	55.43357
248.72721	-10.9816
237.41	-7.06399
247.09764	-19.17947
22.99937	-2.66274
90.17135	-7.65357
224.73255	3.69775
167.22069	8.37098
148.99562	13.85117
206.89654	21.99551
234.4773	14.59129
302.03404	-4.16299
319.14068	-4.03689
29.94223	-45.60861
40.67664	21.87269
54.72804	18.62857
331.79683	37.94032
35.84059	32.92133
151.87515	4.6371
142.6462	2.66438
97.20267	62.59782
74.26783	4.02501
183.78046	18.04108
159.65583	30.34971
121.6431	31.96608
209.7896	-38.02696
181.29368	-23.52866
192.17235	47.78986
225.15896	-13.10272
130.73784	28.54238
194.46189	24.8437
232.74894	6.34277
342.37709	-2.54434
348.09115	-39.15161
120.45558	23.56953
16.34985	-22.97607
73.85598	30.19059
28.22742	-14.12267
149.8784	-21.42967
9.73276	34.88696
106.31437	32.45942
198.86838	25.45475
79.14053	-4.85926
232.58248	-2.31281
225.73402	-27.02451
254.4158	8.85757
252.19841	-16.09581
236.70242	-13.56339
355.22991	-5.91643
201.59455	-5.15223
242.01329	-12.65699
77.51182	15.45072
136.8847	15.21935
150.62541	48.98844
156.19947	32.5804
143.85592	22.78856
140.7373	-20.16837
283.04416	1.84707
206.48624	33.92413
151.6825	-1.84612
65.25366	7.95437
125.94673	-2.94374
74.79319	-10.11168
135.87794	32.78496
77.84147	3.47472
188.62919	-3.1197
223.92824	6.32612
244.88038	0.35748
237.91154	14.14114
294.21685	-24.36974
316.68745	-22.84503
316.50752	-14.59745
161.0122	18.42303
355.51921	-9.38382
63.75337	46.28225
71.42474	0.9914
245.29487	0.38066
314.86426	-17.28728
229.49084	-25.10241
322.00959	-34.42158
331.9016	-2.87308
26.26966	34.88466
119.08889	0.24878
71.72877	23.10695
116.52736	12.61125
208.0431	36.35387
249.76325	-19.66663
158.54764	-13.98079
311.83698	-12.62532
332.50279	13.41994
231.41006	62.9253
24.39708	-23.58003
52.49029	4.81021
54.56897	-22.51859
34.96058	35.6542
94.66529	40.48515
129.86371	-50.0044
173.70881	-11.91092
180.42672	36.12624
122.58587	30.44747
159.48501	24.46263
248.13387	26.90995
281.0275	63.54891
321.236	6.75966
330.54173	-9.97909
346.28479	-47.89717
331.30968	1.94279
319.86055	3.35342
49.09395	-25.58641
331.13219	-7.6231
20.5028	41.26006
26.8522	-23.04866
47.93927	14.81942
59.20786	-14.57812
175.39308	9.07222
211.84214	-33.66252
228.56778	-18.90441
231.3125	-23.22678
303.44406	-14.92682
350.82291	-28.64128
7.49219	9.86736
46.48094	-50.50613
70.29216	-22.39879
41.96071	-4.61652
126.47327	24.45161
78.32978	12.22366
348.36559	33.96895
46.6357	-47.41251
196.15294	-1.15
174.09542	56.92606
237.38104	19.44021
227.81601	-43.32797
216.5002	-19.34404
253.86082	4.37336
239.26072	-16.51118
306.0987	2.16066
37.04709	18.49537
16.19919	-28.61932
44.72206	-18.08372
94.41481	32.67491
252.74743	11.92162
123.95991	11.08782
102.37106	-32.76648
41.18727	-4.05439
215.36931	-48.35132
171.01211	0.74214
211.3411	54.86482
210.89223	-3.04397
202.93673	28.45506
189.93953	53.93763
279.15333	-7.68419
334.41739	-32.69596
322.90071	2.0223
325.27119	2.0073
325.8131	-16.7535
337.01528	-4.08997
20.63854	-29.68822
22.96812	40.27642
64.66632	41.31772
148.07838	15.02541
110.62894	56.23681
133.19777	29.53711
95.43638	52.93017
201.85831	14.98511
301.65489	-2.8063
328.63701	-3.2385
77.61302	-16.31542
80.73473	4.48467
273.36513	14.55006
269.78145	-17.43885
12.0155	1.86455
36.73259	14.09008
294.65026	-21.08106
104.42754	16.99274
160.58272	1.89266
128.52409	1.85706
105.54497	17.95984
219.92957	49.06115
191.32918	6.83285
242.91251	15.05823
303.39641	-16.4766
13.03927	-9.28805
8.64194	4.05183
19.9189	14.37503
60.4864	14.73401
72.69955	55.61971
153.91038	12.80409
192.33767	-3.29792
100.41811	78.51081
271.67024	-0.53099
227.57423	-1.9745
329.4133	4.27688
333.72349	36.70411
87.79969	15.5548
144.06482	14.19884
148.78767	23.50864
203.637	52.44527
154.16062	27.35339
164.98148	24.96593
207.84332	44.27809
231.18739	5.42189
41.82334	-24.08668
337.96742	7.93906
135.28679	13.76111
124.97595	24.24989
267.67446	18.93957
146.64138	34.70003
165.732	5.02677
205.29106	26.98826
338.62518	-9.89552
344.52758	-58.32313
10.17611	5.7159
19.50253	2.86707
5.80737	15.73196
41.50951	4.41677
10.95739	-5.63766
66.97361	20.4771
156.70096	8.12468
174.27369	30.30991
136.42767	17.99463
193.50926	28.47872
211.31851	-6.32821
195.39842	-24.80689
322.58387	-6.206
41.20645	-23.31219
154.49986	7.32638
157.06048	35.72301
199.14745	7.75473
194.62395	-8.13357
207.23061	-6.11233
77.46201	-1.54443
68.50897	-1.68669
55.63601	27.30235
218.69461	18.63772
221.07454	-12.6837
305.24749	-11.26004
346.90452	-47.16832
27.03546	0.31962
66.88543	12.2307
69.06125	4.30723
219.07465	19.70591
237.34529	-9.96147
200.13022	28.11951
336.12445	5.70991
146.73671	-1.17967
145.24625	11.19976
17.24929	-32.39898
306.96853	-11.20349
66.47715	-21.79687
61.81232	18.69862
119.34433	26.82225
78.04642	-12.65164
193.66788	-5.11816
314.16526	26.34195
347.1824	-19.69834
6.77569	-18.57147
331.26121	-9.64244
81.28601	18.94253
157.42347	8.25426
219.60984	-11.77494
186.88447	56.49598
348.92748	49.97648
56.5965	-1.89006
116.40804	31.3927
185.92611	-2.70297
165.20736	-0.66346
249.12733	16.13904
2.95787	-23.32401
73.49563	12.05144
127.16933	35.32039
49.80035	40.92601
58.30706	24.96249
93.41248	43.88966
73.01575	21.64876
184.25511	31.80073
267.95021	-1.1923
307.10658	-33.52208
315.96266	-36.15011
338.9543	-6.01954
221.20751	18.7837
355.1439	-51.26051
345.62271	22.31512
261.6691	9.93959
327.48932	-12.85381
52.98987	-23.10925
287.43904	78.16673
20.24097	46.41088
124.26254	30.289
170.4813	-14.44158
203.39633	28.86074
195.69859	-13.12675
141.55806	28.78867
139.13608	-23.81482
202.16037	16.92401
250.20026	39.81926
213.60513	30.95032
322.59256	-5.96917
303.27417	-22.36368
249.20102	15.13016
298.01354	-21.2718
54.19874	4.76016
315.83909	-20.6816
49.52722	40.88234
78.93607	-7.63199
29.69076	-1.04483
56.16787	42.11846
111.48917	36.532
149.5836	-10.98764
140.47865	-7.31123
218.38966	-15.70268
257.885	2.69337
262.41745	24.10809
291.77751	-25.29849
111.00797	51.62733
118.64195	20.90239
115.84538	43.37011
149.38887	49.51924
41.7382	40.85941
65.46287	15.94375
164.02397	-4.8698
201.26364	47.84403
241.93659	31.89994
304.35181	-7.89681
313.40409	4.88612
314.39158	8.01855
315.33601	18.89119
17.95756	13.45315
349.26999	-9.28512
339.9413	-22.06808
331.53019	2.0265
313.52478	-53.50281
248.35424	55.49872
117.88371	42.11077
21.19197	0.55714
62.71937	-8.24122
138.89521	57.65773
176.03527	12.09015
200.70314	-8.16429
230.02202	58.19817
168.31359	2.4055
180.07362	-13.13821
249.7783	-1.34699
332.72123	-24.46935
255.18402	51.02622
18.30398	28.34496
56.6395	-4.20933
88.39365	-15.14183
175.97813	8.44526
250.30056	-13.26524
214.61323	-27.28259
224.679	-16.32978
298.80919	-21.00857
253.73559	-4.39977
241.90415	-5.04148
328.15891	-4.91934
357.92744	-14.60689
344.99071	-5.20678
10.52965	5.8422
69.45549	-30.8987
17.72547	-12.10175
142.40839	68.24013
155.26687	-12.77841
194.30308	34.74558
185.92008	55.22038
306.00609	-15.05141
313.69275	-38.42028
313.56223	-38.19885
86.89642	-45.97703
123.3969	28.76026
115.47732	48.48724
120.98863	30.10218
143.7225	9.67464
122.99986	47.62981
64.76329	-8.17184
179.45564	-22.64135
195.84454	-23.2214
353.25349	40.27271
264.10375	24.32131
317.08687	-27.30987
298.59963	-12.78837
22.59755	10.99653
310.02281	-2.69151
125.95491	19.81314
86.18894	8.42469
107.67485	26.36454
160.9189	2.95728
282.23232	-35.30142
232.87767	32.33205
342.11098	-46.57595
355.94349	11.99431
326.47749	-59.47173
85.89464	-34.12831
36.18061	21.28088
80.31517	-27.15073
111.86723	23.63207
138.45153	20.89534
151.19228	30.41977
164.24585	24.53634
24.50998	31.33599
218.99384	0.5349
188.13569	27.12275
174.54317	-0.41294
217.66523	-20.19776
129.38186	26.36038
332.83404	-19.61599
262.53301	25.3507
216.08294	50.58981
154.79289	63.68228
171.43657	-3.037
171.62489	-3.14826
155.37088	32.18192
325.10348	-7.25509
27.28846	-27.16226
79.60339	1.94061
167.10841	42.77562
170.99797	10.87057
206.89791	24.03393
169.55879	-5.76422
204.50021	18.74316
179.39097	-3.95655
236.8974	-12.69474
315.97636	-14.03896
254.0242	-5.18587
3.29832	-9.63639
44.03327	-1.03013
64.92717	22.64141
19.90692	11.00905
137.70404	44.6422
233.42929	16.68183
351.57785	2.31329
150.95766	11.61111
169.75027	2.40927
205.96337	13.5027
200.11629	12.18695
338.10979	-13.65455
312.46108	-12.45767
20.22244	-11.66794
200.55362	-20.09538
135.60732	38.35521
218.99063	-24.69501
257.44917	-6.91918
306.30105	-29.01412
24.46981	22.27212
6.42079	10.54701
85.94861	18.06986
43.10029	24.64305
36.22736	10.10195
106.15286	30.69122
130.63167	-2.18131
89.05164	22.95406
173.92679	36.97101
209.39035	-23.8644
318.65865	-6.99391
13.79673	23.0509
82.37942	40.92289
300.51339	-14.21623
26.737	13.75467
142.91046	29.55969
215.74476	41.42792
192.08661	38.89919
244.26481	-2.27706
329.63042	-9.46868
26.5743	14.71638
13.21984	11.41637
36.91539	41.27613
60.78385	51.61203
87.8711	55.10151
217.97781	-3.32456
206.45519	12.36623
176.89078	-19.25847
179.6306	1.23935
128.48144	55.17873
314.22767	-15.44931
7.54765	-3.48515
31.45314	8.19077
6.36587	1.60649
302.08317	-13.73821
61.91494	24.14649
178.12979	-8.85064
228.3607	-15.45403
210.03037	-38.35511
116.51442	25.92913
156.06616	14.45973
148.35721	4.03111
133.58345	27.84512
156.08813	30.36064
185.86467	20.51785
199.8409	-7.49779
213.28523	17.48604
17.50291	-8.49305
45.67459	12.95493
79.22335	7.39128
143.92689	17.79148
144.80602	31.6198
187.26376	-14.65916
187.83051	24.44425
247.81171	-7.7026
8.28498	4.18462
352.53725	0.91268
18.69983	20.53824
18.75241	20.28153
17.31692	-5.151
164.50923	5.20874
122.64092	44.37852
299.20329	-4.91149
326.41096	-15.42858
347.08621	-56.2685
3.37126	9.20592
28.55084	13.82312
73.30546	19.90401
355.34359	6.27906
337.60103	-4.48502
131.72384	11.61227
152.57873	2.00915
184.83055	15.81115
227.20997	-17.71706
18.69353	31.94541
344.23938	20.03167
73.31142	24.59294
129.04072	26.64153
119.81827	22.34493
63.74404	25.76626
81.09317	32.53905
105.86786	15.76091
94.45297	14.25943
142.66997	9.50547
157.23183	9.79674
117.5069	27.55336
154.75141	5.62607
159.7795	6.0444
140.8311	28.10184
180.56658	-0.11017
151.33434	12.82628
332.15099	-8.27882
307.2877	-6.74785
353.67801	38.22533
43.16936	16.73756
339.51573	-24.9717
6.97065	25.79287
72.02392	11.12664
79.761	21.95988
122.26242	49.07442
139.64488	58.3797
134.48274	23.7532
146.10991	35.40686
163.95811	19.20722
230.60424	1.98854
212.63759	12.90495
256.52999	-9.3514
186.58144	11.5841
28.41232	-24.84223
116.11994	6.35542
125.86132	15.63915
152.41974	0.48794
251.25433	60.39322
247.67817	11.87241
55.46664	0.67301
351.25711	2.41784
6.5646	-5.43141
323.35707	2.17247
31.25535	-13.63985
65.41228	-23.0218
70.68126	16.33478
117.05179	31.04815
118.39059	13.63164
142.1822	3.57925
118.14866	14.2229
85.37001	54.98505
149.80836	18.00462
167.42135	5.46449
230.20024	-8.0299
181.67243	-1.12989
244.6249	-11.60226
262.0609	39.83362
310.4462	-18.29929
259.18405	12.76794
341.24488	-23.52242
307.14458	-9.00728
58.1558	2.38891
71.65745	11.19652
18.25397	-9.82379
77.83496	26.11822
33.49765	38.3572
28.85756	50.29913
41.625	6.83952
165.21045	5.67794
145.71642	26.96824
131.55095	9.84521
256.79652	-29.70067
167.95284	31.86762
175.62207	-2.74838
202.01726	-4.44986
269.35675	18.06467
232.51096	55.6712
295.12077	50.08093
278.43883	-6.6001
256.79994	0.7435
1.08118	30.62239
145.56291	29.06585
4.38399	3.40796
42.70485	25.02182
21.69902	31.43713
133.26173	48.90984
70.29841	0.70863
152.81536	11.0755
162.60332	-21.20939
167.10889	25.30131
197.95936	7.06573
197.70084	8.73882
231.83538	55.46788
202.4296	14.00503
149.82168	-6.13338
248.81912	-7.67388
260.32416	35.7557
342.84403	9.0956
252.89522	14.54458
308.41601	-5.23062
271.82134	37.24106
310.26946	19.84687
121.73375	36.79865
71.05142	35.02257
168.48558	9.59521
98.37385	35.5205
59.15749	2.64148
135.56493	-1.37542
91.00911	53.63362
197.28795	15.57068
193.11467	5.99489
219.94961	-0.96135
302.68834	-1.93673
253.70482	-13.12653
347.52614	-12.63524
15.76649	-17.49182
283.09752	43.30725
84.75485	-17.2868
182.00272	-9.4643
187.9495	49.53051
191.03296	6.87146
152.23451	-12.2382
239.82706	24.66888
235.02926	64.68343
325.20894	5.33583
338.23247	-25.34614
328.11657	15.13353
215.64155	-36.09736
221.31736	-26.27966
263.5297	54.01277
197.33072	12.77844
60.36411	15.67674
41.79817	2.27479
173.64387	-12.3153
91.96925	-30.83371
52.05423	41.50446
153.0351	-9.80071
113.73656	23.86723
184.62576	-11.19386
221.1261	40.93201
306.28698	-2.13423
320.32735	-48.00827
292.03675	-0.17039
324.89234	-3.68846
13.92671	-16.32134
312.4965	-0.21534
58.28931	44.23151
34.49751	31.6827
18.80008	24.33994
315.06461	-15.0549
89.26621	41.45298
32.02825	14.3175
33.801	-14.18746
349.96705	26.50652
68.88265	4.26194
272.40791	44.47233
173.32137	-20.39129
323.49523	-15.65371
344.96137	-17.79921
36.38797	-20.97041
74.60853	16.4944
320.00258	2.522
6.29296	29.45269
142.9624	-15.3301
33.95786	-15.16073
132.73287	17.57714
147.50939	-37.00189
248.63304	50.18593
349.01063	-13.29906
326.28808	-11.59143
260.20193	2.45996
285.38917	51.83811
27.0313	-9.10362
334.82607	-3.2742
23.24925	-24.46647
107.42804	34.97347
160.5257	22.5267
34.54212	32.95285
252.10638	2.23526
311.65663	5.91785
27.07545	-11.77567
29.44413	1.73157
1.13947	4.75967
87.43219	-7.54967
61.36302	-0.8711
112.79626	39.97896
95.67911	14.17099
304.55826	-5.00086
320.59127	-17.15401
356.86237	-24.84598
237.88435	-14.69956
326.95494	11.68842
239.31075	10.02646
38.26607	22.23806
151.8792	-26.58784
81.85855	12.14642
176.08019	10.92386
149.31672	0.34287
168.63698	-26.44618
316.64554	-10.53127
278.42025	17.25464
274.43738	7.62277
17.80528	6.66201
53.57938	-3.46383
52.75641	25.74034
142.99679	3.95429
74.29568	28.59172
113.4723	23.31393
4.56957	33.52004
163.4139	55.1334
48.26018	-14.13842
48.22455	-3.79084
164.65566	28.85263
324.49675	-22.75992
216.98478	25.32709
244.9507	18.73722
307.17615	-43.51338
245.77642	-7.93769
18.67584	18.22679
299.66277	-13.62029
122.9778	46.65625
178.37226	3.05517
126.4642	22.4739
171.77133	-5.57424
353.6687	6.68219
3.0002	9.91881
29.23184	8.50081
121.48508	31.66363
168.71207	4.47682
211.16721	4.12251
230.20489	11.70455
335.38922	10.41078
35.3938	-12.6731
4.64527	-8.64545
25.90225	0.02251
251.92017	-6.51726
200.517	45.843
239.97819	-20.12349
10.91341	4.31937
120.79725	13.39842
170.98842	3.97894
147.61053	20.05905
150.85362	15.41567
83.49661	20.42766
147.52711	14.40468
172.82098	-6.14158
197.8954	-11.82666
342.5924	22.39357
4.82824	-12.47682
32.7547	29.62561
65.65257	16.9943
71.21033	6.04115
205.41872	1.84641
218.93909	-8.98342
253.06814	0.55211
328.94412	-9.69292
22.67548	20.8465
132.88201	21.03018
154.07908	72.21862
117.4782	56.55787
221.39977	-8.55262
200.34916	-17.15778
16.80367	8.99455
1.42143	35.54711
81.72585	48.69571
146.63494	34.7864
125.07742	20.51426
210.87508	5.67031
145.73404	-22.24266
248.87435	-13.62897
253.65431	-15.77559
314.65582	-34.80811
309.09926	8.82236
61.48041	-1.86597
176.85187	52.42164
345.01395	37.6858
144.07589	11.52387
143.05649	-18.14872
254.12038	-9.54252
246.06564	-17.91204
224.88061	18.51485
99.97375	29.56334
125.12839	19.0706
214.13933	-12.27579
234.01556	-0.97966
212.67267	-19.7175
281.4658	-52.47144
326.81451	-33.61571
118.15205	22.00881
134.84776	15.61781
217.91826	9.95231
107.91141	22.87974
145.50733	9.17039
129.63412	7.27254
145.25239	7.21919
194.74916	49.6747
236.7737	0.39055
35.01884	-51.97378
91.70218	-46.70298
43.4042	17.13608
134.26701	18.89615
126.93964	26.52506
110.34426	34.82283
154.48275	7.50339
190.8816	1.10452
150.6915	-5.21223
184.00034	-0.50976
222.74215	-18.47726
196.46897	25.26501
176.22518	5.73368
347.30825	4.15397
113.78425	22.9713
232.16371	33.00399
336.2361	13.04499
169.52421	18.48731
255.96345	-6.67735
257.1943	-4.94599
293.6146	16.03427
19.3476	27.71952
63.39735	20.60895
149.75008	8.54025
111.66374	50.47812
327.99655	14.06284
32.1758	24.67488
43.5136	29.63771
43.24694	31.93298
55.69756	21.69209
100.67087	20.10221
142.45688	61.51362
120.83121	23.25739
122.81925	18.8653
133.42318	6.36118
181.00035	-38.22613
301.10197	-0.95054
278.88834	29.14304
327.02717	17.63525
24.70391	6.32049
6.71827	7.71338
66.02673	18.93902
131.58912	46.47969
161.48082	22.53029
195.00802	-10.33836
160.20775	-0.91484
190.33406	-24.2945
126.1038	5.18393
189.63604	-10.63938
190.82555	1.06242
152.9366	17.45311
234.21204	1.83306
18.75972	36.65569
311.08285	-18.19366
326.57375	5.79023
291.35452	-43.05637
79.27163	17.00358
242.72298	-54.70867
53.99797	1.71071
68.26676	5.94894
143.15966	-8.29339
37.31918	26.63995
172.67579	-8.27383
177.99219	29.30394
169.54241	-2.72855
246.30083	-26.13486
194.63621	-6.16963
174.96115	-22.28733
219.9115	-27.87848
249.79191	-1.03501
229.97118	-18.83431
306.00853	8.67018
306.82631	-49.52313
321.75509	-5.7301
316.74556	-9.84932
60.20839	-2.57598
0.54499	13.38113
124.28278	14.9592
13.53008	17.89036
134.71592	53.14829
207.32096	3.14532
150.03161	4.70116
147.982	-18.84591
166.08962	21.59998
218.56893	-28.28423
294.99086	-17.38375
208.35055	4.91954
244.97443	27.90238
196.01175	7.21107
227.09676	-9.34137
299.79459	-5.72782
255.92969	22.65231
250.63526	-8.20164
332.47829	21.79739
99.75036	-38.62349
54.36161	-5.43591
42.68338	-20.60946
103.33593	45.31007
131.28005	9.34133
91.67023	69.91878
27.02869	15.42914
235.52749	-16.03929
109.39826	44.04305
217.27464	8.42209
208.15842	-2.29286
228.58899	-1.8711
294.26446	-23.02347
236.09797	-29.78935
334.11673	-5.12617
334.37906	-29.1969
304.56487	-15.06548
50.7964	-39.04566
24.07579	44.74325
103.14467	47.75514
126.36452	49.13276
128.63213	25.28534
147.53905	3.90771
28.35966	51.26038
40.75205	3.63485
189.44027	26.11338
203.50166	-14.75913
254.51199	20.80476
210.65074	45.31264
253.80148	-8.64265
300.94522	-14.4202
37.89549	-7.03016
354.28419	8.46705
49.89187	13.41689
311.3838	7.47489
41.19421	41.12773
6.52115	42.68252
50.68704	-8.54153
73.47076	9.09895
331.87629	7.88845
74.90816	22.1359
147.95654	11.79458
121.85286	37.16272
187.25406	-14.55911
87.80922	-15.69277
99.91518	-15.07457
136.05582	-6.33445
248.78583	9.49725
321.8625	24.15836
350.29205	15.81994
349.20337	-10.1066
327.99311	12.93804
302.17772	-30.33928
239.95755	49.05122
310.8751	34.76933
280.40762	-3.43438
344.0413	9.3293
2.60572	10.45277
318.82295	4.87108
327.02713	16.55604
66.86574	-8.35289
120.46055	-0.69967
109.92746	-37.12972
189.76118	4.92268
219.16399	-20.65951
225.00507	-3.85755
231.68962	12.55866
239.44456	13.54108
214.88554	46.81169
237.05556	-16.63258
299.25701	-24.4651
294.37652	45.36833
326.70891	-10.4722
55.99939	21.32381
276.0289	30.55633
321.7857	-10.46414
285.1195	65.25652
52.56056	17.43067
9.89182	26.72413
30.868	15.45934
58.73415	-3.01384
156.91403	34.12893
126.73288	27.60555
301.04937	-17.454
250.24286	11.05225
330.60041	-9.12207
241.30932	0.50781
28.31516	21.27826
17.73221	2.82342
42.01631	-1.8802
1.61938	5.57994
59.94277	7.76078
327.42583	-16.19171
76.59334	-32.02213
28.5273	-7.79925
148.26259	-0.51622
174.70593	13.47399
72.63567	9.25543
136.86594	10.56114
153.09604	-11.95967
236.16989	15.0895
253.22869	-8.94281
303.57948	-24.7057
294.74821	-45.3608
352.70169	25.50686
338.5249	-22.51716
315.94855	-36.58372
2.00984	17.81882
153.93114	46.21477
228.18893	39.05668
350.02562	6.56132
170.34027	-10.60057
169.37626	-31.24311
264.05123	14.57121
205.81291	-19.92217
241.69263	-2.35205
302.96846	-24.09099
30.07022	25.61915
39.22176	31.73049
60.70195	-4.7868
75.61504	19.18066
41.17291	41.74267
30.68093	-29.03916
160.03322	-17.17384
206.76401	19.80833
207.823	55.3467
130.36049	42.70566
249.16708	-5.12943
237.62186	27.95729
323.66602	4.50254
322.12313	-7.46435
313.28803	-27.34959
350.43697	9.37479
21.59241	3.75143
344.8059	28.11252
170.08369	39.67711
62.59145	16.12225
116.00261	-0.23585
169.43816	-9.07364
141.71484	10.68953
185.91823	-6.74122
202.76196	13.65209
195.9133	-24.08311
250.53297	25.04502
340.00128	-40.35433
302.74421	-26.01339
51.03008	-3.69503
38.61044	-20.24059
19.11622	-13.00966
41.20464	-21.00469
100.25994	-8.3242
350.70338	-5.73951
339.34183	-20.52404
259.2153	29.68538
54.62071	20.65989
181.86563	58.94531
13.41503	3.90948
12.33864	23.9478
189.46663	-11.52265
80.47108	-12.03728
30.88085	30.97125
42.72463	12.37139
172.52766	8.08297
219.84292	-11.41561
221.07859	7.68665
241.21697	61.03396
330.27538	18.62983
9.99226	48.52869
33.33953	18.92869
50.63766	32.52405
44.31219	-1.93253
101.81508	18.12649
121.80458	14.57658
31.71552	-16.12864
182.09291	6.31416
205.42793	10.23532
324.33041	-28.7406
177.56931	-13.06666
352.00004	28.67381
67.53393	15.06478
128.88231	16.01241
157.3518	15.27304
227.25945	40.13878
234.54609	1.45916
310.21231	-35.14676
328.87087	10.87148
312.35466	-57.65663
346.09764	-47.23592
65.02999	46.99216
88.82035	53.94303
163.64548	27.62817
196.67621	24.5536
190.45186	-1.82482
204.17514	-2.19425
314.47731	-5.18909
21.40107	14.21319
45.91493	24.56684
50.24465	12.00187
36.76097	0.12068
79.45037	26.49416
88.5839	63.45925
74.85451	22.34806
66.45449	-34.1938
127.00686	25.54759
120.50617	38.06408
186.98383	-1.47044
211.69916	52.74756
260.41285	9.78526
194.86618	-3.7779
58.57004	-29.01672
231.53226	-17.41232
315.14273	-5.8198
308.70033	-5.03847
354.44303	7.79839
14.57212	-8.48109
31.71862	-2.17022
54.87758	36.60752
205.13662	16.51812
170.46958	1.78391
223.74748	-0.07327
177.70161	42.98194
276.12105	58.83351
23.77695	8.92738
64.89976	21.35943
178.17327	43.98563
150.43273	12.05527
69.24782	72.05273
100.32706	47.38783
217.38856	7.1926
154.07646	21.88886
170.03729	11.97228
200.98135	-8.18755
116.10525	18.88792
214.12447	-9.9694
211.48643	-10.86295
247.5088	-3.7997
29.95075	22.52982
224.70246	-11.52327
249.15706	44.02091
286.71358	55.86383
33.88183	20.10121
349.77482	-32.16955
8.74279	-8.56597
55.39807	8.84026
61.37479	16.50216
308.60391	-3.36875
115.26126	34.42854
171.50502	-0.09871
177.90539	4.84688
191.00096	-0.72197
194.33979	-9.65395
210.67502	16.45585
221.31642	-0.78097
306.5002	-21.10262
58.10236	20.56782
164.06202	-10.31236
221.31692	-9.45421
308.79147	-22.62823
213.274	31.38247
348.53518	3.6311
5.80848	8.74234
17.94794	-1.2047
65.7762	35.17169
310.8567	-15.95073
123.99359	10.19052
171.23867	-12.67001
234.67592	21.92015
274.51374	42.86587
185.67241	47.85561
221.98272	-20.50223
256.3472	-3.81391
352.36847	10.0109
338.20046	8.83661
354.57269	-0.50219
359.37541	25.00253
56.78583	17.71664
37.91763	12.69785
124.49839	20.38224
235.84482	-27.00822
217.11465	-14.19135
213.03352	10.95643
214.83233	-23.67972
320.25565	-12.38631
209.97133	-30.46407
247.70227	-22.09224
309.46252	-14.27663
34.58705	16.57806
8.31116	-16.5426
30.25559	1.02074
318.23374	-1.40524
69.5435	15.6584
12.43779	13.16602
45.26807	-29.32515
101.0598	-32.60013
125.92951	0.69637
110.94549	14.4612
181.33979	-14.57613
244.04253	-13.34916
201.12111	1.02003
226.87338	-20.77568
301.98405	-13.53767
224.5741	5.68938
61.27334	4.30161
25.96446	5.68373
21.93309	14.54147
29.76756	-21.74236
40.24182	47.80095
101.94543	26.71584
140.81754	2.50496
162.53158	-7.42866
102.02574	-21.39664
214.46764	-9.23971
262.93962	-1.83347
180.91469	-18.89579
216.83756	-2.58102
177.86745	28.07832
302.37654	-29.85815
342.39314	16.97878
351.88264	19.26814
309.60727	-29.21179
22.02968	21.75343
91.21558	15.74495
85.75233	-14.92796
114.00545	-31.43699
203.56112	13.74986
158.329	5.11685
213.3085	5.79372
244.59621	-5.49089
240.6027	-17.28988
216.44847	38.4105
323.11886	-46.99282
5.49648	21.61525
64.02607	-27.9426
95.38471	-41.48484
31.2946	-1.77696
45.13193	17.48865
26.32628	43.49659
354.98518	-19.77513
9.36664	42.31963
20.19559	11.9219
56.4543	19.66854
7.89211	-55.36873
81.28624	32.71672
63.04104	21.11911
24.25279	-22.17603
156.79532	26.92116
154.89491	17.79905
177.01269	21.76313
159.89211	14.89949
169.93213	-0.39102
225.97992	9.07958
303.98233	-16.86521
333.37947	7.76105
223.42408	-22.07964
182.52874	3.80106
326.68497	-14.14495
13.65609	22.94967
100.21977	36.81963
74.79536	26.74896
53.0067	-12.08927
148.76581	38.10973
197.86274	34.60308
206.4678	-13.99092
170.48817	64.99922
161.35628	10.7165
213.98762	3.62605
216.31123	-11.31272
223.52832	-5.44158
184.34659	-1.22652
172.21367	25.01726
342.65311	28.81589
37.29048	6.62812
330.55928	-15.02305
61.07235	1.19788
125.97192	32.97821
130.31231	30.41048
136.16868	12.18334
78.86028	-8.67253
148.31	-19.90858
170.29491	-2.199
180.54419	-17.29614
141.02434	14.26537
134.39902	15.41384
237.27829	-8.64498
266.13061	6.65491
314.30683	-0.96476
336.19928	-11.92506
253.79918	15.35191
317.68072	29.54137
52.18221	23.71365
74.15984	9.91342
113.73018	55.88947
133.38836	-13.0173
117.45593	3.156
178.30552	19.2091
129.81921	13.65107
155.12823	36.19669
137.24371	-17.3055
41.47987	34.41226
149.6	24.75393
120.21536	41.8387
320.65414	-31.676
294.72869	1.05632
18.7956	13.90419
29.01574	35.45535
81.73637	47.14266
169.5982	11.44815
172.66873	51.55712
212.24855	-9.39249
182.99821	62.85802
164.16127	-1.13374
182.73039	-4.42094
254.40416	25.93416
338.97701	-7.10512
240.05191	8.00211
26.99779	7.87909
328.25521	10.0914
314.67865	-33.25291
27.74779	-21.58999
306.48263	-46.91911
36.97777	30.16122
83.61342	-3.569
31.53012	-8.5149
336.87441	-32.4178
349.00717	-73.86604
54.62932	47.72167
28.1931	14.31871
72.5912	58.29317
174.96744	-22.30352
136.36134	49.601
199.39758	11.74654
324.25138	26.77275
318.75177	0.1508
24.70369	32.63466
6.5832	-13.38956
21.13404	-28.87351
116.90138	49.27371
26.44337	-68.95439
152.24277	10.08909
94.68424	22.71628
341.40959	1.10236
137.35119	-0.75521
159.42299	-42.26484
118.59301	-67.87042
228.30674	46.94278
105.01658	-20.1521
214.39566	43.39947
287.24379	28.64773
351.76447	17.45445
20.01544	-18.86023
295.54982	58.30988
176.12039	58.10238
218.74385	-16.50323
136.16713	1.55976
141.80074	5.46094
221.0962	-21.44662
222.60218	52.60079
292.40801	-37.61829
212.41143	46.94545
318.4945	-25.34903
27.40982	-11.62281
74.77747	0.16329
80.65907	15.6102
