196.03877	-4.30484
185.5018	-1.29546
81.54468	52.34633
88.20963	18.12338
260.26383	-48.23303
316.49836	0.81143
29.30191	10.4421
60.5933	18.29504
118.76338	18.80704
151.17124	1.07031
3.87822	23.49322
346.42964	-4.3743
53.46421	23.48436
38.67043	25.1897
216.13035	6.97853
350.47917	0.14006
23.44774	10.64822
31.51402	33.95755
352.80358	18.68848
57.51024	13.27013
46.46783	25.42962
47.43207	17.7368
141.14306	2.76943
222.72366	20.77469
246.27142	-2.77913
50.07406	3.85071
45.13627	26.19388
53.18855	25.83011
50.49227	19.81058
128.49425	24.3228
138.88765	25.01476
239.56299	-8.51565
342.06103	-6.28157
23.90387	33.17909
48.40197	14.92179
121.5541	17.4145
126.26782	30.5782
154.26792	7.78349
208.44736	-1.86039
238.96194	-2.72825
10.45751	6.10203
46.25634	22.23354
152.2909	9.52571
173.05735	27.29352
175.88819	10.37063
191.40741	-4.10694
185.65808	-5.81942
3.63376	2.69979
25.90716	-10.8174
20.64732	22.32196
24.25357	22.15287
16.72802	25.85825
134.63016	56.62086
114.22428	20.02658
144.1857	18.66676
141.47	26.23886
196.14603	-7.97834
202.24435	-10.6485
45.59365	-0.01304
75.64025	24.79667
121.93888	16.42578
159.85334	10.19933
217.30692	20.78692
219.16917	27.86083
192.90868	4.76846
217.47471	-6.61715
210.6509	-15.27011
210.8932	-12.72067
218.43496	0.49491
312.88543	-13.0818
313.5534	-22.84412
44.3389	21.95965
338.85364	-21.58183
24.99324	6.45645
27.08417	7.4451
10.92936	36.66209
170.3995	7.69595
179.31279	0.00838
203.40187	5.15015
194.73182	-18.04049
188.04343	-2.30753
225.71706	-15.9294
44.40993	17.86804
48.15097	39.3394
30.77278	-3.49106
45.40316	21.2377
43.64756	15.51951
46.7724	29.40209
135.47893	19.10778
160.86351	27.13212
155.66618	8.76263
179.90883	-11.99899
180.1449	-10.28083
185.98423	8.16076
224.06812	1.51974
218.00614	1.32577
217.98488	-10.14027
5.9754	-21.23072
64.36219	35.06277
40.48846	-6.1241
344.27362	0.13032
5.71844	15.01202
65.66616	19.53114
66.20358	25.83587
29.8866	-1.61001
59.7396	46.33718
141.8269	10.38247
202.9906	-10.78507
175.19306	3.56242
180.57778	20.60908
178.41236	49.51092
184.88462	30.09566
171.96201	3.14188
182.21127	30.9764
210.60989	19.78157
215.44658	-16.68391
240.0967	25.58104
267.82454	-9.15273
316.19658	-17.55348
351.83411	1.34592
349.45323	0.32461
315.26029	-13.13807
349.55348	13.7831
344.83744	40.9937
31.75721	30.11998
349.71976	27.95744
344.98653	9.99663
25.10088	0.64684
41.95645	16.58502
66.40572	9.01812
51.01767	13.77667
51.62005	21.13107
43.20367	43.31175
106.39864	24.18964
124.46152	23.9971
141.24149	5.25547
149.26749	-10.85552
155.70384	37.54856
173.85621	3.32213
185.67089	-3.8429
222.31167	-11.86368
230.93707	-39.57394
209.29188	-20.60281
353.95146	9.97636
327.54157	-7.06071
307.78796	-28.10651
332.50268	-10.71576
92.73715	21.53172
21.34533	1.88841
19.64098	6.66802
64.54075	4.01011
27.91194	25.23201
28.92992	15.09109
87.40893	29.61153
69.25613	19.84055
147.12984	31.45141
75.03838	26.11385
84.70134	4.91436
123.25461	30.81496
135.88693	-17.57021
126.17573	33.98631
161.92044	8.38951
160.31775	-0.47914
160.53954	12.38549
225.12327	-0.81021
191.33121	-8.40972
196.85386	27.1983
261.56709	2.89697
245.03874	-2.5739
229.48405	5.76413
302.79063	-20.17387
350.68363	9.16102
348.89772	-14.05051
11.32116	21.8325
3.23424	13.13632
12.21027	8.22108
62.5667	31.52022
6.69318	19.34297
353.65849	11.79293
347.83491	27.43157
35.60905	15.07817
44.34256	-3.50443
239.00096	-5.84113
32.15429	42.24984
66.53639	-19.83412
83.91846	43.17747
129.07515	38.26249
110.68102	27.95343
115.91765	37.44338
116.31652	55.89179
140.75196	10.00935
156.9013	15.4767
126.43728	55.33469
133.7761	-3.57859
160.68759	32.28647
176.72672	13.93485
187.06193	25.96457
205.64328	-5.67019
154.97932	10.08862
172.35243	-11.91328
168.40691	-0.54756
225.74343	57.31027
213.94791	41.03326
231.93146	15.49354
196.84742	-10.58523
246.22248	19.56492
223.73591	21.26134
194.89098	12.11213
226.51838	-14.02688
222.58294	-10.57843
234.23361	-10.92258
313.12423	69.92094
300.75495	-18.33749
338.56003	28.22277
336.73205	-4.8118
347.54432	-7.35818
354.93294	-1.47264
332.97293	-25.78086
329.07155	8.34053
347.91431	0.38176
337.68383	19.54625
354.24755	-0.11331
31.48504	24.91457
35.07194	16.21138
53.53261	-10.30358
10.33707	18.05137
68.62983	25.72721
53.82543	-4.22938
43.98542	8.25086
79.77469	12.17962
69.05714	27.77263
123.69433	26.32226
65.46351	-13.60764
119.63741	19.41663
149.82423	36.0415
127.10866	18.78636
122.85672	13.81511
177.9869	8.29367
161.58454	9.49656
110.16484	43.41763
140.93319	26.03817
157.68607	31.46335
159.20472	20.04174
164.42576	11.8524
151.46876	9.4951
179.56754	18.44613
190.79986	-8.67199
229.45943	34.34753
200.28755	4.31518
190.68008	-33.66
173.34212	-16.89447
221.80471	13.63513
229.78761	-3.78834
236.21837	13.19061
241.81991	-11.18202
246.27832	22.90078
239.77857	-8.59971
217.21151	5.35182
223.18122	0.65783
259.25762	17.64249
304.94644	-12.56504
21.46956	2.13467
18.20671	19.94091
348.82266	5.7234
213.79749	1.03434
337.6817	14.44887
35.19859	-18.62126
345.72766	32.55394
5.50198	15.86212
308.25184	1.68765
328.16266	-1.62487
348.79953	9.91965
42.6176	9.56256
347.85985	15.33836
50.65849	21.34441
36.96068	3.16187
28.76436	-3.91007
34.30554	-4.89708
78.76688	-11.11346
43.17941	-0.2179
65.77244	9.68239
348.89676	5.40616
1.29005	39.29875
84.06179	23.76454
56.45355	24.27532
155.76305	20.18046
163.7944	10.92578
148.20263	47.43889
119.24671	21.99278
151.92226	33.6212
165.46489	0.34256
133.6488	15.11948
137.25334	47.47525
186.99819	12.98807
160.63137	13.54241
177.56911	15.90754
225.97863	3.59468
174.27204	1.80355
178.13868	-1.72593
212.7584	-16.32882
200.35744	8.62749
183.34962	-1.43141
184.01397	-5.61419
182.52075	33.86082
242.83196	35.8018
188.93783	-3.35573
210.16862	19.59471
243.34265	-19.2582
201.00008	-5.71148
326.01883	28.73752
244.29073	39.93985
310.38092	-14.22438
348.76614	-14.8458
337.61006	-10.36263
317.19557	-6.29165
346.11456	11.35662
321.95297	-11.42264
72.73095	7.07676
350.76591	-7.62888
11.52203	25.93337
18.03854	12.13084
37.43425	-2.43419
14.64491	-5.23382
24.37845	5.56551
191.2626	20.96781
47.80092	20.42585
42.50306	4.0108
51.66998	27.53438
41.68478	44.40002
33.34534	32.91631
73.85269	18.82508
44.79069	9.27806
69.23086	5.3567
51.69453	-6.0377
128.60878	5.48355
134.94629	18.10753
158.01095	47.21317
158.70595	34.67506
171.38402	-4.16292
179.68282	5.98301
214.68997	-3.28062
160.87333	6.67886
178.17189	3.62623
186.96827	-15.76871
197.52153	1.66209
201.66671	45.13429
220.1185	12.15791
240.0762	15.81494
237.70055	-26.1716
252.25451	26.31552
244.53171	23.86989
256.19305	11.8141
258.45461	10.50219
320.9748	-19.15114
353.62204	4.32301
349.87007	-19.30961
356.86669	13.16749
334.56337	-1.50775
359.47285	30.80004
346.72725	-5.1492
345.50122	32.82507
355.51198	8.68947
342.04368	1.06024
11.71542	11.67219
33.35958	20.17025
342.05444	21.68785
55.87265	27.1468
50.20938	36.42322
131.13624	32.69227
349.02393	-0.75223
18.83394	29.42981
59.69206	22.85393
51.48227	24.93109
21.0338	16.71556
77.14415	-12.39284
58.77224	14.32944
70.03019	23.71468
121.95101	20.03127
111.53367	30.51343
74.30299	-23.38268
109.04454	32.20885
172.18175	27.49115
146.93554	-0.10186
142.79185	2.05877
141.74895	23.568
148.61465	-20.39051
183.4887	-7.05423
188.08321	10.91205
200.48328	-13.62495
217.34285	28.7312
172.4497	-1.47617
242.47333	-2.67516
231.48731	-8.75426
227.33774	6.62012
227.92402	22.36109
318.70513	12.0806
293.85134	-29.58977
354.22221	7.10153
325.61135	20.51883
335.62948	-4.37138
85.2973	8.33533
345.42107	18.2463
64.04074	-1.49475
29.33485	15.06618
26.92226	17.72216
7.68859	25.65768
23.87008	1.20364
11.93853	0.44069
30.16193	3.97744
40.20945	4.81461
47.71656	25.3307
35.20242	28.83893
75.05176	14.58967
24.89922	17.25669
71.73122	24.56968
75.57245	23.50599
107.87727	23.18467
80.65849	9.29108
53.95917	26.89517
158.78306	13.29489
177.333	43.93866
99.2683	29.6562
114.03233	20.55013
146.68029	14.0575
195.92404	28.95284
177.66789	17.1685
157.28158	31.47807
224.70916	-7.82953
158.30672	35.35748
168.93477	15.90708
152.09655	12.30004
197.79096	36.69427
199.09498	-13.87508
202.30581	-8.73208
233.08684	-9.20793
207.94355	-1.14414
196.04821	32.40885
243.24677	-17.2958
319.301	-0.96919
323.10629	-12.95075
308.81177	8.99765
312.92863	10.55123
333.78969	24.85018
316.32498	-1.98648
354.93374	-18.961
328.90493	14.84624
318.31182	-1.87331
313.47706	-8.11631
1.98614	-21.22221
329.12331	23.9923
18.54844	-6.75538
23.42114	18.64549
14.46599	13.86794
6.03829	24.2187
34.58477	7.64765
15.88701	27.22281
57.21163	8.44447
46.3923	45.08533
47.6557	-14.38003
18.43788	16.55892
85.87665	-11.31958
87.89255	5.00636
103.06728	52.64032
72.85434	31.12703
70.83422	22.36572
84.34827	23.47002
110.32336	57.44377
155.22102	3.66047
199.8293	-2.97615
157.9119	12.69019
164.07772	4.13071
168.01091	51.44168
320.05789	-6.217
222.33384	-7.28624
231.66393	-12.73922
356.19945	26.49149
348.34361	4.63191
345.57205	-6.67737
345.07795	-6.0024
106.40337	3.22657
24.3445	26.36354
59.11457	21.51654
33.35334	-2.35377
65.7246	24.55935
176.61963	11.12829
73.25728	12.34625
141.997	7.36306
203.24438	-8.1432
57.70715	13.7776
72.52881	15.84254
174.93812	35.88655
169.00483	-6.31572
33.75133	17.19315
178.41502	-0.77626
196.99183	-3.0034
346.09373	-2.53418
3.78948	9.79024
11.26754	10.19108
54.9769	11.98314
79.5939	24.97084
162.60709	30.43498
212.22948	-3.36433
357.07662	-2.77356
337.86415	4.15579
37.87278	-1.33167
119.20426	20.80449
121.14092	22.79574
174.69339	2.36357
183.50678	-10.35659
246.40599	34.21094
219.18959	-12.96943
324.19905	-1.38321
287.41868	10.92947
65.48113	12.58254
339.06802	-8.19511
121.44512	5.49109
38.05354	15.29144
20.12825	-4.24834
67.41608	14.96676
179.52238	-1.36691
201.34411	19.54973
151.2853	8.81262
210.86648	-13.11731
218.5235	11.74695
337.49969	-1.25537
263.02071	-0.94566
31.08466	8.10452
73.38878	13.82393
55.67632	21.9197
79.27853	19.88308
78.75518	4.38527
120.13947	9.85522
131.09238	18.96736
126.26942	6.7365
166.78387	32.88392
187.92671	-3.81611
211.48141	-9.53635
179.42171	-0.20477
198.57817	-21.14118
236.57937	-19.88588
245.30595	-11.50692
234.64775	-9.54843
259.02965	-6.81927
28.07062	12.9396
16.11962	12.59861
17.79446	13.1829
248.49121	8.46491
276.12243	-1.56079
50.38288	22.99656
55.75547	-8.34636
63.87942	38.47345
109.87262	29.06719
130.80539	35.26736
140.10813	27.11935
172.4014	-0.43702
208.33915	11.73726
212.83094	5.57674
210.08627	-12.86229
219.42613	-9.75532
248.17026	23.78315
296.91282	11.33239
19.61555	12.27748
338.12355	6.44316
78.92017	23.53826
335.64994	22.81788
37.29446	24.42284
35.89615	46.3778
100.30102	-2.90637
152.90515	22.69455
162.77297	13.16581
200.94602	-11.43064
209.39529	-3.18143
246.12469	20.7643
320.61728	-12.09949
333.67509	-8.72435
355.71274	10.6379
9.45477	-0.77553
117.29196	6.49845
21.9535	5.893
3.318	23.70133
115.87166	22.56542
63.04609	29.00207
51.08628	23.02493
59.61833	20.17673
61.71016	15.9053
55.27901	22.24023
85.261	-11.50426
122.01552	42.41003
137.65211	10.56816
145.06536	31.16289
179.38328	17.011
139.80933	49.68855
178.46494	38.84821
204.14496	2.37108
241.31628	3.58865
222.41378	-18.78968
236.17034	-22.66668
246.10172	-3.29965
330.81887	-8.49115
339.36309	5.66513
334.09729	4.47076
339.72108	2.09829
355.84611	-20.52184
350.65037	-10.71897
332.58769	-5.83498
17.71296	-3.75372
350.76413	5.44993
63.06629	-16.86795
61.28585	14.68771
49.12885	-5.78131
157.4578	21.6512
209.8298	4.39849
182.78878	-7.86067
217.05752	-18.30083
208.28106	-22.46541
255.00996	19.22116
235.14847	-7.70833
336.31476	-6.46018
346.61663	-18.02733
4.55015	4.10916
309.15298	-15.45106
1.67884	-16.20348
31.31322	42.51836
1.92269	8.22252
47.86216	26.30994
6.90225	9.60629
43.78814	16.8141
82.69063	-15.09374
74.5503	17.85192
98.45375	55.13362
73.37268	17.73944
111.096	17.57693
133.65399	14.92836
120.65383	11.06068
110.79327	1.4491
118.04059	31.72026
174.83718	5.10204
177.11583	18.67357
179.63484	-0.55776
189.48109	4.67379
145.6969	-22.91259
216.65067	3.9344
202.71507	-8.62872
224.24579	-8.95581
244.54478	27.54329
191.2854	-9.32756
261.62705	7.33225
352.77008	-15.32471
327.58516	12.29465
43.7693	9.62561
335.26045	-0.49956
276.74079	28.58062
340.94789	39.79019
13.65507	32.25175
20.22054	-11.03179
15.45084	37.16515
57.29788	35.1186
151.1566	17.78545
93.73682	33.92356
187.91346	11.27612
191.72865	-5.78193
189.98242	-13.34104
210.03178	-9.46214
195.0482	-15.7163
239.12407	39.68987
197.2145	11.94871
244.55102	17.7054
204.03841	6.16402
222.10428	-17.79374
216.6919	-16.2088
246.24962	-5.74379
260.3253	13.79781
303.38887	-22.38769
316.47657	-16.13936
341.38777	18.92951
8.58569	-10.60185
356.49834	15.91786
13.14061	-2.18138
348.6707	6.48445
23.37143	18.2605
322.68414	24.76509
34.33763	9.79719
128.69147	23.27304
57.14265	-5.90327
105.805	41.49301
69.40773	-16.05153
72.65415	1.64364
49.85399	16.36844
43.25567	41.70004
27.05281	29.67562
80.31411	51.83612
125.85831	3.85479
66.22204	40.18414
124.99139	18.00689
183.2754	-2.5863
177.15168	12.58359
131.90205	40.31446
137.78535	46.07505
193.60884	0.58536
189.7651	15.30646
154.85821	4.42732
173.23704	-1.93076
180.55687	-9.54525
194.22203	-7.39891
176.2551	12.4434
263.07009	3.20611
233.22311	9.68991
314.27536	38.84383
254.17705	-4.47534
352.38965	29.74087
344.65684	-14.36123
351.54173	16.1348
348.45126	-13.68701
343.36409	-3.53789
321.73326	-1.69374
349.92815	-3.67121
349.29335	29.46256
81.46818	13.74386
78.64431	5.07769
19.70615	28.52635
313.19533	-14.78907
73.64948	-19.47346
62.77484	21.80989
10.86506	20.33502
10.09052	25.26888
330.38742	6.87924
9.04828	24.40378
19.48553	-5.17058
39.25323	-5.59241
10.91393	43.8326
61.92471	-25.0958
16.73979	47.97085
21.42758	12.60677
79.57352	24.92051
42.43642	29.04523
67.79007	38.43954
53.31925	14.64748
136.23562	16.12063
75.41491	17.14615
153.88617	25.22356
166.72507	27.04554
151.47143	34.44556
176.5137	-3.60628
222.93972	-6.59678
206.15322	-9.07632
210.42019	-14.29436
225.10598	-6.29517
232.29532	-10.20172
253.31586	-6.44073
259.33772	5.65538
320.95245	28.08383
307.28956	-14.05833
340.07743	10.92497
330.70802	0.1588
74.24287	15.531
357.69484	8.27681
23.82135	-1.55656
23.24809	-33.28415
3.31014	0.42757
349.8313	-12.97891
31.70913	14.49193
16.21079	6.72355
6.10321	10.35525
10.58412	9.63453
11.91858	24.01499
58.27892	23.28248
33.172	18.73462
113.45389	39.61913
42.82331	3.3846
49.62409	7.35316
10.68092	-4.34565
70.46085	31.43073
88.02833	-3.6992
74.08906	26.83462
43.43707	27.46896
179.11066	44.11838
59.96262	28.67813
53.66721	33.37522
62.15032	18.21928
26.99214	-8.43662
72.54135	4.70612
32.09371	50.63881
74.31066	-46.16472
104.87251	46.73834
120.37552	35.42222
153.30484	12.24562
204.01922	9.66365
164.90932	21.27944
127.05495	33.41555
141.60833	4.50464
70.85126	31.08263
134.9534	1.31871
166.45627	-2.85138
184.11916	-0.9935
138.63779	4.43783
171.20822	-30.41779
155.39473	46.85341
161.38065	18.80225
205.91094	35.70459
170.96814	-7.7982
243.52665	-2.9671
225.12673	-0.7534
237.33652	13.35673
231.944	24.94159
200.478	-27.08145
201.41898	-29.14931
256.95586	47.8748
244.994	-13.01582
260.28283	14.25373
208.45353	0.44903
256.54965	7.07694
331.07017	-39.11537
333.88957	-3.10542
350.7275	-22.41816
316.45086	21.88208
338.77382	8.78102
6.30119	18.87475
349.65499	12.98248
46.31064	17.83172
15.35325	-21.61372
30.14738	-4.75683
40.91164	-17.04502
49.07276	28.17069
90.26234	11.82898
46.32578	0.03403
73.82669	-9.39304
41.49585	31.02276
7.61047	-1.84294
25.86952	31.72079
58.23206	15.87287
72.65	8.38626
79.57661	26.30773
44.0757	22.94416
71.28673	23.96348
122.83373	62.00424
90.05639	0.01239
115.79922	3.95508
65.50621	27.11587
163.74378	39.99313
136.47764	22.55764
197.90755	6.06274
80.62466	3.33216
154.24338	25.56362
167.35744	44.61207
155.69797	27.88117
164.84286	22.56028
171.59553	48.8314
158.73867	13.54834
157.90853	22.0321
222.386	4.06619
186.48761	-6.32843
209.70076	-10.66758
216.08714	31.49141
214.61682	4.78695
187.25556	32.86058
234.59525	4.79075
308.6775	-1.90008
2.70554	-16.1626
315.0718	15.3326
341.41224	-22.40197
343.49152	2.95479
307.79155	11.08276
331.77876	26.84894
87.21014	-4.93694
351.92861	37.22079
349.87285	-2.7699
4.00183	37.27454
357.9163	4.84812
349.26819	-8.18417
338.77022	-1.24756
197.04443	-20.12467
20.30963	18.88304
346.43981	13.40785
21.26376	2.55871
329.44353	1.41136
350.48339	4.99458
22.92625	-15.39181
60.76281	21.26114
16.72125	-4.69694
20.15655	-10.83657
25.89667	25.84101
347.7362	19.77982
78.20156	-1.92478
112.71213	39.10996
64.0748	22.76093
27.65475	15.98149
109.56077	31.89268
63.8978	32.44752
124.77051	21.18039
105.50028	8.16114
53.56438	13.39751
134.31796	23.06713
228.92477	18.99291
318.86692	2.26247
1.65396	-8.02223
29.64894	-11.9505
325.66302	6.03332
210.65652	3.97929
358.67056	6.34482
47.13969	9.83524
133.01891	19.68252
136.3594	15.49638
136.58286	19.68524
137.34194	1.18832
133.94238	16.23733
241.90099	-2.32639
23.271	31.1879
48.20056	6.05066
127.04604	23.93157
215.78634	6.65982
41.22367	19.44462
123.99883	26.93628
160.01336	33.54151
156.58156	-3.93343
159.93816	20.0729
205.74417	-9.60676
42.23947	13.21831
138.73122	9.37649
138.21446	18.00613
202.98838	-14.17362
50.205	13.77742
47.57541	15.66507
79.89448	32.16034
18.78289	7.73001
21.02209	32.74542
62.242	32.97759
38.52595	14.86344
101.20389	31.22946
139.74588	11.29624
163.76057	6.63309
168.46038	-15.80975
347.40472	15.05984
20.80919	18.37385
9.71893	17.74121
2.21641	1.39281
57.27225	35.39213
120.3389	16.07079
139.01018	8.04189
182.97721	31.45628
164.33302	6.27026
167.4034	-6.90583
131.12809	27.47661
50.48099	19.45136
61.28631	41.39901
178.07019	2.80207
327.90791	-16.60113
339.86649	-10.70629
20.34154	19.57687
25.16993	4.98638
117.78045	29.5282
143.59986	15.28027
199.38665	21.02037
177.41969	-5.00668
221.26078	4.27361
211.60004	-6.66176
209.31987	-11.24607
209.11655	-30.77848
218.72042	-28.12948
252.66397	-6.09838
217.68825	6.23824
244.11015	17.73602
268.27953	28.97472
32.80172	-13.90238
32.28898	6.08859
25.40151	16.87591
45.49179	25.24457
14.81086	35.58737
74.76311	29.97008
124.91324	9.4228
145.99168	18.32624
122.95714	22.10443
163.94415	7.37631
193.62079	-1.00699
212.85432	-13.06664
232.69893	-25.91969
240.24876	-17.63148
329.28896	16.14185
342.54207	-9.0007
20.08883	27.04886
96.80209	37.66258
142.54036	35.20366
115.92327	41.02352
207.35049	-7.23454
197.14738	-5.2457
183.95738	4.52283
195.3993	-1.19923
210.82026	-11.08382
190.24378	0.08043
305.26816	22.55105
160.23663	5.28512
341.04076	22.31144
17.20584	16.87669
4.58378	5.25571
356.14037	10.00832
53.93485	17.76555
21.21015	-10.99778
36.04509	10.87732
121.39705	9.84687
142.40587	5.07663
141.27849	3.62308
172.3207	0.44781
233.358	-0.76876
226.12703	-3.36755
234.40131	-3.2009
323.34663	-12.31828
326.28654	-13.43367
344.2998	-7.32027
309.62018	-1.62883
27.12235	23.16505
96.84844	7.49757
30.67543	-24.26846
26.24602	1.43579
27.71236	35.30044
54.46241	11.9929
72.5256	9.8649
51.09002	-3.68997
39.99626	8.60607
77.76857	9.44332
56.9594	23.01072
158.68163	23.89562
135.09088	43.79439
132.85203	-11.19273
185.09843	16.19754
225.20261	9.87118
249.27283	-17.02529
315.30684	-7.42615
258.74423	-14.74766
18.78262	7.28811
55.10316	-3.86446
15.30136	-15.35186
89.23467	14.6115
42.17925	12.55203
110.67746	37.71526
129.60214	-0.11081
121.5412	27.2003
124.98205	21.89783
144.13159	14.18477
147.13245	13.7891
177.98684	0.49802
202.77762	1.88968
152.25188	36.17463
192.29332	17.30965
184.74237	7.49599
193.84848	-9.57885
189.25478	-1.31907
178.19929	-6.83311
284.02673	27.3393
223.81566	1.4689
246.45375	-18.13865
253.60335	-12.77931
238.52078	10.01573
318.24588	-3.36071
17.29068	5.15988
20.07733	8.75347
45.80825	33.82076
357.45093	27.22391
31.66459	19.42696
40.36412	26.10437
49.35766	20.00671
38.27329	49.62133
51.25291	16.9212
123.65974	4.15459
66.29944	9.60924
69.27587	10.9629
115.14881	57.36117
92.90457	13.70742
172.70516	47.66311
141.08292	-1.88408
127.09523	27.30156
177.60854	25.53698
147.93431	47.07188
170.90404	-7.57725
139.78489	-7.13447
182.407	14.20011
187.60773	1.91164
228.24233	-8.58465
241.23888	-5.37447
193.18055	7.70671
254.6479	0.9581
152.85438	-8.72697
339.59609	-11.86294
341.85156	-10.57852
326.83893	-2.09537
330.60547	-0.16025
356.95758	-9.24817
303.46098	19.62353
15.59232	22.54067
326.38954	-9.79828
27.01695	1.5615
348.77315	-9.97406
326.75083	31.65219
12.33745	-2.08571
57.64548	6.62082
91.64407	-10.5251
110.84392	21.85262
124.31078	36.02059
143.82186	55.50739
124.74283	12.97893
138.90113	19.36882
146.21903	41.76476
196.99981	12.47926
166.54109	6.35216
215.12657	31.07705
198.58047	-8.08726
195.29426	-2.51881
220.53164	22.59096
194.24563	-20.82305
229.06454	4.95954
225.07441	28.59141
214.0155	22.1508
242.72631	-7.39082
227.13286	26.10075
242.78424	-10.41939
320.32478	-7.17733
229.06751	-7.33482
213.12084	35.00497
315.68316	-21.2111
329.60785	-39.41789
333.23578	-25.16692
265.79819	-28.81239
323.1966	5.57601
349.05977	-9.1893
0.76175	-24.2361
58.22918	23.68014
326.65569	-9.90798
353.88543	-12.1622
359.1397	-3.50016
351.99058	10.29725
9.6058	-24.66943
355.10332	14.22791
38.15012	7.32374
55.95549	19.03567
4.21069	16.42464
7.78632	6.84083
42.95721	20.91867
30.30871	3.37788
42.91009	7.16711
48.7767	15.89641
45.87419	-1.14401
23.57328	14.92553
84.45999	47.1092
57.53772	30.24473
67.64436	-2.43042
94.54524	22.86093
136.2024	10.85905
129.76461	38.61546
130.18308	15.56896
129.44499	45.07018
133.20059	32.3842
155.52742	-5.14134
160.62611	14.59335
173.30285	29.94994
182.80354	-13.68081
198.99536	-14.06964
211.26849	18.92876
223.25411	5.616
178.9397	7.87018
184.68365	-5.80184
180.48155	4.68916
192.82277	-1.07725
229.81308	38.13022
260.76969	9.99783
244.74685	-12.84811
238.43533	-10.80205
321.72134	-16.06567
343.99503	-18.00743
342.49878	-7.0864
324.27733	-1.62433
331.50536	-2.42593
174.57035	-1.9425
331.40419	28.84401
337.31954	-4.77459
20.74381	-34.87308
350.46059	28.43355
314.44958	3.398
29.28866	30.07737
336.8601	15.02644
253.72705	18.77464
31.68291	-15.52821
6.33752	16.58987
15.05178	20.90405
18.64896	14.89448
28.01445	-9.50154
71.50025	-14.30871
12.23717	10.46783
11.28613	18.38378
9.87458	10.67215
25.77518	-0.3136
25.75107	11.14257
3.37466	14.84497
55.51193	-0.92737
67.47802	27.29662
59.70923	13.321
64.3058	14.0584
89.89155	10.36248
71.3262	16.84868
129.60404	44.06811
125.18186	-6.18515
92.048	-4.36516
150.79468	31.89525
162.1136	-3.62696
205.84089	3.48201
160.27595	-6.3198
205.06728	9.44339
189.9431	33.75503
214.75011	24.22171
185.18901	46.84175
220.79144	7.99247
210.65017	17.17242
260.56048	-2.43253
272.16964	-5.40993
236.20909	20.59733
269.87806	52.97199
321.53449	-11.58735
335.74286	3.8736
319.41638	-28.43595
325.72875	-33.5611
339.98151	6.91108
31.63768	8.11753
85.78651	-10.00896
39.41861	8.29352
64.84039	2.70855
353.70927	21.93535
349.02924	0.11855
68.61946	16.59577
50.47829	37.16451
31.39094	-5.93039
191.52531	27.99051
35.33077	-13.78945
6.26239	-5.22688
29.9203	18.72571
38.35028	-1.79513
84.66887	25.74092
20.49344	21.92158
58.55271	16.41172
66.4882	16.28977
80.3056	25.51187
126.58144	33.52726
79.19493	-6.14784
61.91055	-5.34048
145.88178	62.20916
137.39992	15.6756
134.43529	10.18673
153.19861	5.85296
162.74351	55.76342
151.94032	12.9732
182.49289	-7.35116
194.97067	-8.30368
201.10451	8.21611
192.78422	15.63798
232.57929	12.37461
174.12327	32.67795
253.83226	19.48315
259.50474	6.60294
322.16975	0.0364
339.35308	6.62339
1.4591	-20.46071
329.16231	23.82975
336.77929	11.03796
35.92022	34.00622
10.93558	11.59091
338.73829	18.62858
27.11194	18.84726
36.54402	6.21877
34.81265	3.36298
12.94729	-6.55952
91.121	40.22847
35.69377	12.81105
53.66729	19.20306
51.8517	34.52223
39.18604	-0.80629
29.22619	22.36892
27.83664	15.82772
42.52584	13.49648
123.07834	-7.60669
20.96028	35.26903
85.17816	-4.69906
67.77398	8.49106
54.91807	21.06338
163.41491	76.8442
123.9088	24.79146
57.88897	-8.66837
68.51541	30.37733
47.79126	10.07245
137.30418	1.87778
84.01307	58.10291
110.66774	31.71092
154.661	45.41981
114.06671	22.11625
120.57308	18.02269
130.94603	19.52937
150.36761	21.88283
150.74398	11.05429
159.8132	26.86106
180.35963	1.46283
188.44912	16.49798
149.70686	32.36336
171.41741	-4.35054
197.31494	31.15532
200.51114	-6.85909
176.38904	26.66856
236.38171	-35.14741
251.46993	20.349
226.56886	-8.43227
262.49364	-35.53692
305.33277	-13.54299
324.40975	-9.50288
313.85478	15.89302
334.73259	-4.88086
321.97441	-0.92321
6.85797	-3.615
27.25521	-9.33378
344.33098	13.80015
330.75162	-20.3677
116.55677	14.24248
11.83519	-8.3961
2.59945	2.2498
22.51583	-19.78342
50.32889	-3.9323
15.50742	8.02286
346.44714	32.45243
45.01972	7.55311
37.36211	-3.14052
43.22351	7.34865
16.76788	2.0357
47.80594	46.19986
37.08887	14.95175
95.40871	49.30303
46.32055	-22.8689
53.4654	30.36089
37.31617	16.76124
33.37218	19.89746
45.21875	12.40479
24.68462	20.34554
20.59304	9.1433
48.29439	29.77177
229.73221	15.20247
120.67074	20.19803
190.4257	9.52728
22.13166	6.96719
124.70297	14.42832
177.64276	36.96432
46.26216	11.9482
20.79377	6.93257
314.66741	-16.48693
44.94949	18.23948
136.67835	16.7066
111.45258	32.13924
228.6439	-4.35033
9.95942	5.83213
35.84756	7.24314
207.22591	30.04049
158.01392	22.54625
135.39669	10.43355
219.79914	-10.63352
5.64058	4.20261
29.74387	8.22179
131.88967	37.97452
136.77818	18.90872
144.36368	14.99541
320.97991	-24.99849
344.48227	-4.5466
356.14039	-4.91724
13.03979	6.34133
61.22205	16.60165
86.1603	23.33851
135.33769	13.03018
142.09866	7.79052
170.49431	17.46381
189.4166	-13.43517
245.9261	4.25069
354.70761	-8.49201
126.20748	18.59798
128.32674	14.84368
152.60697	10.97929
178.7089	-12.75571
180.70232	-0.91493
53.81703	30.79888
23.04475	1.99082
19.58348	14.79913
63.95759	11.33204
123.30933	47.43569
161.506	27.78081
234.21499	-5.391
349.60724	-5.51378
173.50892	25.98501
348.94731	-11.05794
347.45991	13.0164
39.12965	11.08712
87.02686	25.18131
173.16273	19.86526
165.93014	6.86834
136.00239	32.16093
167.67947	26.24299
205.6258	-11.83484
209.37208	-9.81051
213.31253	-6.97921
218.56839	-2.75037
217.59173	-27.55984
234.53802	-35.28552
233.5399	-27.99141
211.31685	-13.24143
324.41644	-7.37114
315.07803	-26.04725
332.77138	12.21491
36.42608	10.5331
120.17778	21.81415
60.95643	21.9316
181.47197	33.2753
161.41413	8.80409
195.53941	-10.28165
224.86929	-1.65855
199.75841	-8.29896
187.71127	-13.15762
232.86875	-25.49724
223.47859	-11.08098
239.04414	-5.99944
117.82568	9.70621
351.28137	1.44301
25.49975	6.37554
62.75345	20.00374
88.96767	1.8859
92.69483	43.08675
112.496	30.50702
136.56533	21.65039
170.78075	7.27657
187.16039	-16.8431
184.18358	-6.53801
166.40759	-3.53521
201.94091	-0.5415
166.79182	1.99108
195.39636	0.69816
319.04768	-8.22515
350.13223	15.04964
356.10229	-2.94368
12.32966	18.26981
51.44792	33.81883
47.83283	15.96906
102.57384	20.31326
109.67239	20.76481
92.38541	0.02765
112.33838	28.02869
117.77606	16.42882
121.97692	24.32918
160.21245	0.9398
193.13467	-6.98797
233.63868	23.83269
256.69472	4.39253
237.30754	-1.93105
332.79711	-14.39886
339.74274	-10.48052
36.25314	-4.97275
28.41741	7.93103
58.35387	25.8503
322.97293	6.06703
11.34229	40.66541
21.15257	12.26438
53.9835	32.53337
103.19863	34.56782
182.2299	36.21402
172.54808	25.12397
127.44313	47.22645
180.86456	3.68009
163.08599	-8.01142
195.49289	32.91778
248.29738	-0.43527
241.04724	-21.75792
234.81634	6.38419
269.08977	31.43763
337.86218	11.19728
116.73431	7.06611
24.19446	-2.80492
15.05374	8.25909
95.14439	17.27789
12.20858	-9.34747
352.85141	7.3245
42.57916	-10.28943
65.11097	-3.72956
41.14677	31.25902
58.15596	23.47898
84.3976	26.88726
120.1361	18.30713
137.58025	19.00104
126.92423	19.73811
131.5773	4.93072
190.03461	30.71387
173.10571	37.49774
200.1709	11.36839
156.7534	16.72992
240.93928	-2.82071
238.49204	-9.81921
216.40303	-14.83635
217.36169	2.11955
217.62025	5.9013
250.85304	-11.35752
268.43439	3.46754
235.16188	4.81721
271.97224	-11.14167
274.85531	-11.99893
299.44088	-11.4268
329.4098	-11.9136
350.8875	-14.42106
326.7836	-13.19324
352.78771	18.40614
4.68457	-24.29774
42.34959	-2.51322
3.11701	-13.34906
10.38901	-10.40419
3.87033	10.38921
21.87702	14.24148
37.47833	17.21394
41.31535	-1.49634
31.91603	43.92398
89.42306	9.87868
58.03705	31.05791
70.67625	17.10334
78.90418	58.08579
149.58314	37.35533
119.79735	13.04139
139.26041	21.88827
204.22682	-14.3112
172.52431	-6.52208
165.9131	0.52262
162.8107	63.6231
212.03593	6.34005
184.43804	48.81226
224.5622	39.66281
199.46332	-14.93204
179.44174	-12.41543
216.18766	0.90883
221.1798	-23.5178
233.17855	-0.31804
238.78654	16.34331
197.66795	-8.03039
305.02752	-30.09232
344.84375	-13.21745
336.45659	-3.69795
198.36372	-5.4008
1.0629	6.07314
331.81119	-14.84979
348.74534	31.65734
343.95538	22.34544
165.73363	-0.86219
344.14813	-10.72307
45.6325	23.05581
63.97058	18.9812
30.35235	20.6233
62.62814	14.80809
24.95143	-6.0906
70.40241	26.35787
61.73158	38.5668
108.39973	14.77552
61.37079	14.90877
76.4598	5.58056
148.52195	64.76341
71.54995	6.58639
183.14295	19.71184
96.30403	38.7774
81.13455	-0.63772
133.11861	39.64023
152.98032	1.49505
160.05115	34.74849
158.60365	19.38107
209.71344	22.17563
180.81198	2.19804
178.20469	20.95292
179.22309	10.39853
215.60192	-9.99581
230.17671	-10.61635
236.49491	5.8731
252.98278	0.6832
223.2696	14.64162
317.81767	4.8896
310.74601	-11.28698
316.7687	3.13267
346.77362	-22.51925
321.93101	10.35596
320.88458	-3.58839
20.89333	8.10831
14.99561	15.33194
354.7728	11.95426
8.84531	6.30463
352.56914	31.12719
53.42729	23.72486
51.28789	10.30919
80.70521	13.28971
41.79314	31.00229
36.08038	11.51195
53.76061	14.62133
80.9816	8.63593
85.31379	7.08189
145.3185	2.14792
133.29482	5.2758
143.77646	-1.76195
145.34507	-3.51376
142.07541	3.55684
163.39001	6.72803
157.88267	10.64711
157.8168	-2.39999
160.62251	-8.35641
157.63887	11.25012
170.96254	-15.30115
208.77531	24.09475
208.2112	24.24726
211.128	-2.16272
223.26915	-17.11424
197.86539	-25.19883
254.39901	-9.75942
346.35915	30.3419
319.47164	0.37427
359.04588	-17.88552
317.37888	-7.7346
7.91028	-41.8937
357.14855	-0.26495
8.46528	6.25916
340.92645	-0.60554
17.60669	29.25159
23.54103	-0.49641
49.43158	18.48543
35.48425	41.056
48.89353	-0.00737
52.57386	25.44511
78.04363	15.30649
40.5057	34.36788
52.59029	30.32838
84.53537	57.2486
61.57178	6.84106
89.59307	-5.72435
118.41332	27.17591
134.90618	49.27037
161.50335	40.62026
150.2979	26.07038
160.62284	9.6748
179.88825	-14.72634
224.2084	21.3891
240.03364	-5.61998
251.02173	-19.2457
254.9407	29.99037
241.38023	19.35913
318.16481	9.28765
331.74368	-0.64798
325.74367	-0.73972
197.59576	-21.06746
320.22573	46.91097
332.04436	-6.19147
29.46929	-28.65054
312.76906	21.55139
350.1683	25.74429
14.77136	6.28054
24.41248	-19.5284
8.30457	8.78209
12.42925	23.13822
328.3129	6.52317
71.25483	6.02774
59.49487	-12.31843
67.30469	30.3457
33.88846	19.36956
18.55567	23.77558
3.36833	14.29232
44.09253	-14.92576
53.45508	5.05582
12.28464	15.60407
56.13979	19.27752
50.07328	-5.01052
107.45339	39.29002
119.24343	14.56402
121.02767	11.71063
169.8495	14.03215
142.83081	9.92703
138.20803	13.28277
124.34943	18.38238
166.24415	-0.27302
193.77573	23.70726
199.01007	-7.15487
180.77232	-23.91222
202.40252	28.19763
193.10218	-21.17697
202.76148	-21.57976
241.19489	-18.65566
258.21576	28.77975
334.2273	3.53611
354.37933	1.19088
9.18431	-2.64123
354.13546	16.21143
27.5783	-10.04942
43.45712	8.47543
352.42542	-11.19681
66.31206	32.90092
342.64505	12.85718
41.2092	-5.88625
333.76402	48.68344
30.02833	44.26423
63.67051	40.49033
7.13697	6.87681
19.16406	35.94038
29.77329	28.2097
40.02679	29.47916
26.4716	17.79537
21.78151	25.44232
7.22449	22.20819
69.04658	23.65704
87.90388	3.11815
125.91098	17.15506
105.84846	28.64964
116.25516	25.21964
126.98414	-7.41586
118.0225	22.54209
158.14539	10.05438
180.53753	66.23861
149.23156	27.55329
98.48976	27.30126
134.85752	5.90566
169.40001	20.42016
181.58444	35.46985
154.38606	13.4473
135.35774	-3.56005
174.25003	35.38973
187.94468	46.43184
201.72401	-0.90468
210.23303	-2.95765
195.74832	-16.27299
209.11363	-17.26201
271.48139	35.06454
319.88531	-16.57058
304.85043	-23.89951
312.42689	-9.02244
340.75495	-7.28025
333.69377	17.51194
325.58018	35.31019
332.59324	-3.60966
354.00084	0.38843
351.20152	0.09595
357.65652	-8.72377
16.49715	30.95893
197.31373	17.00245
8.67405	9.18966
31.65022	11.12672
337.56943	-19.49787
44.31719	0.19276
151.64403	11.75695
43.49992	27.6329
31.31187	14.33345
50.06488	-2.66612
49.88112	11.29767
26.38554	7.54954
40.35698	38.296
76.02352	6.9094
66.56181	32.52638
127.71634	31.8308
120.70256	29.7204
77.36948	0.40574
37.38234	13.26695
269.47755	-7.07782
49.37058	16.60205
164.87466	3.95478
127.77199	17.74372
163.86257	9.38061
106.67729	20.49699
242.49269	4.33251
191.93324	-16.21832
39.28081	29.05665
179.88044	6.81416
192.13826	-2.23083
215.67321	-25.05608
117.65339	12.77014
119.56299	12.42819
163.64959	16.31803
178.68143	-36.78314
348.93954	4.91401
352.87491	-0.20488
40.49029	23.12642
48.73525	12.28303
148.01355	22.8721
239.79855	-18.62525
12.06831	14.25706
6.47704	-5.87439
59.55585	9.20507
113.14661	19.31079
194.4588	6.30092
84.08806	21.557
339.3338	-36.65335
352.60958	3.782
10.02969	9.53002
31.09287	-4.90539
78.33239	24.00989
135.87947	21.56044
159.60504	1.01388
177.42914	7.32083
35.11152	8.13467
34.59117	42.98349
51.94563	20.98844
193.69261	13.56602
165.61567	15.48261
214.23863	-12.44391
236.61715	-17.10934
236.51272	-15.07064
219.46913	-19.30629
312.46887	-16.62422
348.25001	2.76443
19.00432	9.04156
16.98278	18.88131
134.01661	17.22531
195.1963	-1.78706
173.47962	2.2207
183.76341	4.24148
345.35676	10.44193
31.32637	7.14607
145.24804	8.743
36.28125	-12.36341
17.42366	13.59601
49.37393	17.96782
51.17343	42.94229
77.40985	36.3756
145.6958	32.56298
169.48392	13.44826
141.66327	6.90585
152.23734	10.20116
124.01505	12.0933
171.06852	18.48045
214.48341	-18.23658
178.59782	-11.09059
196.25671	-7.10876
173.45145	-10.27464
175.69259	43.0095
334.79288	-7.4658
348.75004	-3.89231
321.17468	16.57656
19.20807	10.25583
37.98248	16.60117
32.18254	33.27578
55.64065	41.56534
54.7454	24.14239
71.98625	28.07301
84.39545	16.35149
23.89667	19.24224
81.6494	24.53215
134.17168	22.93296
139.77782	18.27669
157.11508	47.58395
159.43906	22.75014
174.42154	1.7419
198.72689	6.55472
166.81308	-8.63606
171.29497	3.76301
212.13669	-5.54025
208.38228	-10.57965
211.30686	-17.61251
235.33539	-13.04259
309.12043	-17.25085
344.28414	-11.47173
147.56653	19.05577
29.55984	16.90757
57.27249	16.93556
53.99193	25.92123
24.02965	25.00632
54.30846	9.62824
11.90581	22.58298
54.39703	-2.24742
136.12278	29.12192
205.80492	50.44195
211.03546	-21.37593
274.76831	42.46842
234.1736	-23.57011
242.65975	-21.26211
302.91413	-2.52441
285.58812	28.8392
346.76248	-2.42748
353.008	26.26565
13.98956	12.13099
70.71399	10.45929
47.62532	33.73259
80.59601	21.9163
87.76856	-10.20217
131.93058	20.91356
136.34614	34.69379
126.01757	19.29997
153.10911	12.96272
142.86252	30.4955
185.74315	10.97525
182.40596	13.20154
217.32215	-9.6544
164.41401	6.17462
205.07711	58.39841
240.17143	33.46285
248.08893	6.25958
309.13214	-15.13397
5.43739	11.97265
45.36428	15.68721
330.20013	-14.74826
26.21743	10.13823
23.389	14.40082
25.57087	-2.79587
280.1756	29.74831
64.39521	27.90746
73.37193	-6.69813
61.60075	25.98346
7.07893	37.70177
82.47142	10.07538
57.48654	21.38944
41.50694	6.3417
112.96596	26.43027
133.63208	36.68879
58.42546	21.02525
112.91678	26.31532
162.55771	22.74089
169.27209	23.90332
159.60193	-13.37887
140.96207	54.03606
129.00567	13.50069
128.13168	-4.39787
148.46211	6.0429
131.58957	0.26276
190.17838	2.74543
257.01391	66.76982
245.7502	35.81436
256.7206	27.49029
224.89223	-24.74696
201.06761	0.90473
255.18388	23.94838
242.91764	-7.77013
332.22857	8.82726
330.08391	-11.88536
339.81261	-1.69958
6.57012	-17.25699
8.67364	0.57257
24.58207	8.29464
350.98593	-4.07954
13.77422	20.37271
256.6507	-7.64575
16.2561	7.98414
12.02766	10.58559
6.65145	3.47293
12.69051	14.79034
74.81537	13.14179
351.27078	11.79868
9.0921	36.4502
25.91655	47.4953
64.1175	16.8146
36.72439	23.55613
68.82741	10.00525
73.27315	29.70031
124.73497	10.20528
186.42007	0.92382
164.43305	-2.15068
181.03264	37.31148
155.30291	10.71874
192.50056	2.0517
165.92142	25.38528
185.9282	8.64769
194.24488	-8.93599
157.36475	-5.99589
183.42998	22.04072
227.42156	-12.03002
252.75102	41.76026
228.65967	5.7211
226.38549	-9.53948
186.49516	6.7659
241.0126	46.64405
251.09217	-8.7427
228.40862	23.06159
267.86691	38.59604
348.76008	-2.31835
322.90797	3.11488
16.16174	25.50976
336.29822	9.85659
25.86882	3.48627
2.35176	8.62837
14.38928	9.67714
26.60063	6.79304
354.39673	8.43809
17.74782	-9.24824
33.86847	46.36136
14.69686	23.68964
18.3788	28.08939
70.51769	16.5833
61.23287	28.34719
54.61439	23.32281
114.80994	26.11422
35.51353	17.65347
53.26285	12.19964
52.48621	2.01783
115.4063	28.4203
49.59501	27.75941
74.59722	26.41798
118.78524	44.30105
121.65853	33.71859
155.98565	20.82363
148.39497	48.59584
149.19387	12.7528
149.22118	-13.27339
165.05032	30.33967
145.93106	0.31519
178.94592	7.92698
174.318	-0.87542
170.89626	46.85018
183.02547	36.66457
207.18235	-7.71428
186.26545	15.74102
207.49015	-5.92061
201.7112	-3.59991
218.10555	-1.06676
227.20814	-6.33885
268.6277	31.0223
328.04259	-12.61896
345.67769	-21.95922
56.83678	6.94412
357.10945	-4.95107
345.34667	11.38812
333.99878	-5.79625
296.94704	22.05078
326.32611	-5.35804
349.55144	31.80467
17.55556	-2.71806
25.99644	19.20442
21.64568	5.25402
28.32669	22.29124
25.53838	19.513
23.7605	30.75309
54.8843	19.05556
27.28606	21.96108
37.26253	39.38221
30.19171	16.28256
47.23993	14.19542
68.54491	23.68685
55.12788	15.59175
57.73323	13.14458
58.65934	-0.18108
44.26453	35.48757
60.62347	15.36323
83.69553	28.91702
116.9887	26.61132
120.45768	47.60547
129.66061	19.91695
138.20987	-0.07937
163.80763	15.37596
110.83851	49.60617
125.81095	42.22188
125.95294	18.18018
176.62102	46.98755
143.48921	24.02381
213.86919	21.09516
187.4923	20.87346
200.5885	26.4835
175.5888	-2.80727
218.88863	3.92323
207.16548	-15.27635
228.11641	61.55621
230.74823	-28.56487
322.63259	3.35867
154.79484	2.12592
152.30233	-28.19913
347.33022	30.90615
9.35397	-9.68957
345.08594	3.61545
10.49305	15.30722
42.71211	-17.55322
22.47433	34.15181
57.06223	11.88732
345.92269	5.39117
156.51344	-1.60847
254.66568	28.18947
175.26497	43.80383
50.67592	29.05274
45.9835	29.08029
51.91547	23.03748
59.56587	-10.9974
90.20142	31.80502
43.80206	29.88477
82.73827	16.97032
88.47137	10.34369
64.62156	-3.61146
78.32948	17.10706
129.87338	35.48436
120.34665	16.9432
197.97937	18.30017
142.60614	15.05765
129.89979	3.73733
162.40834	44.39304
145.26438	19.66919
224.06064	3.65972
195.35251	2.27842
247.15016	15.81101
326.86575	-34.01236
342.21702	6.64656
347.51672	13.13602
318.98762	1.48726
343.17459	1.89444
351.44019	0.94819
357.27605	-1.78134
35.19964	6.29656
327.81411	-2.5982
351.43176	-6.11178
32.35949	21.36849
15.79402	12.31237
45.71474	5.91209
9.63298	-8.20599
29.90648	3.25722
355.16508	24.92136
11.01793	22.83928
42.81684	-2.91041
17.49984	15.40365
32.67946	6.7357
21.85916	-2.3957
41.93874	21.03464
39.92556	4.18735
22.5778	41.40451
18.77835	33.86862
144.94113	30.29181
67.63377	21.88764
43.90784	21.66416
62.84779	30.04837
145.5515	48.99854
87.98403	-2.08412
108.84058	31.52021
129.00407	19.03259
119.71349	7.26807
136.9707	-2.83623
150.43924	32.41809
183.51589	-10.47801
188.13875	2.62706
208.35858	-4.81593
211.67109	11.06469
210.72334	-16.61517
206.38697	-4.47081
307.60181	-8.68929
309.77288	-14.13691
346.22071	2.86406
342.91888	-23.08295
330.72058	-14.08269
332.07497	-34.0167
329.93669	29.82613
342.44087	1.43245
353.25569	24.37745
21.55204	26.52166
335.38332	1.50199
345.21216	20.81893
16.50909	-19.47436
344.67655	5.88402
24.41445	21.35885
62.30013	14.77509
353.84963	17.64814
48.26296	30.95299
3.90104	-3.63055
58.1082	34.98069
72.84587	12.77139
39.877	20.99904
61.23924	-0.49577
66.36165	3.25856
36.65504	16.91145
80.37772	22.89988
130.66659	51.15842
113.39738	33.83952
137.30617	26.15944
102.51961	23.71259
49.94627	41.32309
83.7833	17.84468
159.08083	21.20534
208.81312	-28.49985
317.30138	-9.90866
200.0952	-6.38001
213.58031	-13.63824
8.25345	-2.66769
30.43014	4.12743
20.97027	6.04257
195.00595	4.05183
158.91372	1.52751
231.00744	-3.24857
52.65197	16.22786
141.57646	27.50454
149.64765	7.87218
221.30264	-17.96692
1.24137	-10.20196
5.095	3.54126
32.63615	14.2301
95.6145	37.86469
148.64909	-7.05946
171.73099	46.13646
195.45359	-0.71284
199.82752	8.37858
208.10941	-21.68067
260.13382	21.1752
347.01849	-0.29415
50.11747	8.95797
48.41173	9.28168
64.87509	25.71041
63.81702	29.30987
179.00646	23.39039
148.85456	-5.80143
200.53161	-4.49562
241.35316	23.92517
306.7485	-24.55261
330.85531	-14.38325
73.51034	11.46871
240.41151	-9.79253
244.5161	-13.77479
337.1296	-8.64824
41.35367	16.48189
158.09462	4.8753
202.56283	-2.14891
202.65075	6.3081
204.72425	-16.20742
209.59887	-13.71085
210.24062	-33.46673
219.82744	-24.75029
232.90736	-10.38129
3.05075	1.34529
60.42298	-11.90333
37.22715	28.34399
56.89267	-2.7984
131.71944	21.43828
166.22522	8.96156
169.50661	4.96732
194.99093	-8.79716
228.41781	30.23361
237.53007	-21.78516
310.90861	-18.9559
309.10421	-13.25246
343.1124	-17.88338
88.49421	22.31425
113.84797	31.10718
127.16467	36.7015
164.26161	16.01584
128.05823	34.29479
123.12259	32.66021
206.57133	-1.33282
181.24196	-15.05902
249.99824	21.04067
235.96691	-4.32686
286.34227	51.05964
30.343	-6.83624
73.9283	17.49277
145.28752	21.43052
129.52908	42.12326
163.27515	14.70134
152.20287	7.09597
209.45722	-9.22572
248.90341	13.60798
328.55335	-4.29483
322.34034	-8.42333
297.79487	17.56952
22.21106	-5.23345
30.41816	8.68819
21.41735	10.22243
33.88603	-7.24108
46.96192	0.00289
42.09684	10.90853
58.12778	-5.10958
77.2939	-2.10504
53.69546	3.88392
121.89942	6.20576
165.9266	18.72656
186.1382	8.76525
160.09633	4.2402
149.93674	23.37634
176.8154	-0.34299
166.58594	25.63726
178.51042	-5.14452
185.05969	12.87319
226.88711	40.74545
198.49811	22.4482
233.414	17.49944
259.75709	21.10638
244.21202	-7.86944
248.69598	0.37179
334.28865	24.09759
347.98164	11.81627
105.64653	33.44922
32.44323	-22.99066
50.3079	8.07608
73.28557	29.90447
55.72468	16.96391
50.53682	13.53765
58.715	34.959
56.38586	-0.64498
108.80033	33.6657
127.60451	1.84238
155.81057	-2.93016
123.86343	50.22256
132.42963	-1.94874
137.11498	12.3071
159.63272	23.66139
190.86819	-8.89524
203.78409	16.20728
214.56409	2.67752
327.38339	19.86632
353.88149	39.10582
6.07942	-9.21965
2.56646	-0.26209
349.11232	22.07414
356.46658	11.28885
357.20238	8.71299
33.71523	1.11058
30.46877	-5.3408
58.38372	12.03347
32.86148	9.8319
46.55345	19.91663
60.28185	15.54532
61.23739	-2.20385
76.95267	-0.8441
157.61635	30.01135
130.20242	14.26086
76.56686	-14.14442
126.36641	13.43794
128.03309	23.18978
124.04073	12.8655
139.96651	7.42167
148.11874	22.95694
157.48174	8.9527
175.64561	2.76493
167.64698	5.47335
202.01959	14.53449
164.80319	-27.26988
198.36667	-8.35505
199.07798	-19.19465
242.54457	-6.33831
246.28818	-16.79792
325.17816	-24.97246
324.3968	-28.33418
342.70687	-17.2578
109.1559	-29.33819
324.64188	-4.06666
349.76761	-19.64506
144.85628	37.0459
281.89523	0.98831
350.98714	2.26095
33.6898	-5.07193
336.42736	13.81421
68.11223	10.21966
116.91174	24.80927
56.16159	24.72783
5.62063	19.41459
354.68249	23.54575
18.22309	11.21322
48.139	19.70324
33.39972	18.74751
28.1695	-2.08024
40.5141	43.05931
19.41173	42.34454
110.88194	33.613
146.15016	31.75202
136.23409	35.20681
37.8593	43.86402
131.108	2.21159
152.27901	0.51807
153.68189	42.38361
118.28674	29.28206
137.28711	23.39331
141.39875	-11.12988
157.17881	16.91549
166.05542	1.92439
193.58494	30.91333
159.61741	19.96685
156.79102	39.65155
211.15179	-1.78701
209.33129	20.7704
231.4401	44.52091
247.38373	15.82629
246.29323	-22.68104
250.78686	24.91044
259.5688	5.94034
319.4205	-45.29801
309.96884	-10.85547
355.80142	-5.8063
53.64058	-22.00177
14.44832	15.63714
33.91559	-7.48536
47.0803	-9.35939
32.55223	11.72416
53.64561	-11.55394
48.33397	17.86633
61.59855	26.15536
41.88711	-5.95457
47.53963	21.56202
128.9745	21.7001
90.59711	2.69905
116.97976	36.38434
125.93882	52.41275
139.63108	29.52118
179.59965	16.9392
167.21816	6.4292
152.2937	15.58085
168.89059	44.18445
187.23337	1.74651
199.68675	-4.91363
204.37055	25.5883
171.16151	44.1732
196.87239	9.55041
239.72002	42.85138
200.26942	0.5706
194.6812	-12.89483
220.06431	19.22325
193.85167	18.62484
240.22506	-22.32743
234.32033	30.66381
277.32474	26.22786
80.94557	-1.72695
302.23483	-6.59173
332.73303	-17.88275
32.55628	-11.84233
346.85268	0.62233
19.79307	7.19459
29.72308	21.16374
49.35157	42.96536
18.23429	1.69382
56.27294	16.69567
103.98659	76.32882
65.49664	20.87071
67.08642	9.9907
145.29148	16.0206
100.79139	36.07945
186.55051	-2.16324
129.73045	8.99686
166.48551	-10.28875
196.46736	18.25675
201.68398	10.40447
198.6049	16.60707
163.22547	-21.26191
235.10829	20.02318
205.15992	0.87672
188.69723	-4.89724
247.47191	6.78312
263.23921	13.35515
307.59462	-28.3243
309.04139	-17.67746
331.93381	-9.25457
320.39683	10.99076
340.14576	3.54611
322.67773	-21.9198
15.44618	3.05701
269.32186	49.54996
40.27453	13.32759
9.08698	-7.2125
16.43443	24.99547
35.69203	24.77745
47.21121	33.7876
35.36729	-2.00448
37.58813	7.79215
38.89476	21.6295
99.9024	22.12361
81.10766	12.17436
48.01112	21.69376
96.0389	-7.27186
51.02082	36.80013
77.5481	15.67059
138.30638	39.59813
117.29499	15.76036
135.09758	31.74403
144.97001	28.20981
145.8853	-23.98053
150.80234	26.39238
162.39681	10.16857
162.70189	22.13113
154.4968	37.226
199.53208	-2.34091
187.90959	22.20631
228.24116	-17.79402
216.44515	-0.88707
220.98833	22.49917
219.53096	22.34774
289.30254	7.21109
318.32283	23.07864
26.07851	14.4178
308.14695	9.13572
42.60273	35.23765
340.59815	-2.81369
36.64645	26.05666
40.6533	19.1227
67.91775	21.95121
52.73022	3.67508
16.82418	21.14463
24.03849	31.17522
12.70195	24.00807
33.60891	21.50715
7.23249	19.89244
11.68945	6.34889
33.30821	30.47146
31.40622	27.93694
58.80544	22.24213
93.76962	0.20131
63.51097	16.09965
70.9678	4.39556
102.194	35.14215
53.68324	5.39474
76.90135	18.88058
111.17571	26.8895
106.52364	23.97112
106.89076	38.8404
108.38153	12.30898
122.0915	35.08672
114.31863	28.77877
145.1113	17.33402
175.68298	-19.31357
184.37654	34.95552
182.31608	13.85849
157.01543	11.52171
169.54433	43.57935
208.94811	0.97699
228.86948	31.54846
171.80726	1.26371
155.04535	18.45883
153.95744	32.81672
156.8884	1.54388
183.13232	-12.10074
227.27829	11.48981
219.57788	24.57062
230.38374	27.81631
198.28168	9.01235
186.26126	-15.96563
227.75027	-20.4862
222.07688	2.12054
203.42911	16.70662
236.17115	-20.33353
221.86888	27.81818
219.28162	15.9059
267.6061	17.89818
323.6037	-30.96471
323.15558	43.03727
341.64009	1.41687
301.47902	-12.78341
6.36693	-9.1993
0.96389	17.10512
4.88229	21.61621
34.10486	4.89194
349.76364	35.90037
27.92008	45.8928
66.18509	8.50299
70.62642	13.0994
28.24211	6.91739
141.31012	0.01169
207.09665	-2.83231
154.85685	16.46485
269.27976	-2.5185
344.40341	3.72016
196.67606	-8.21456
251.45225	-23.77976
18.35094	31.50478
86.19225	23.89754
171.6673	1.71443
29.99395	9.06462
352.68812	-9.55137
115.03041	25.96375
146.84825	39.82892
187.45941	-5.78355
219.34178	-19.76532
230.75878	-7.04192
354.07965	-3.21211
12.60725	5.94346
79.16034	15.98393
119.55973	30.89722
149.98083	20.34285
1.84025	21.9137
9.8371	3.7886
214.95411	2.29758
67.7644	12.05859
31.31053	9.56738
153.49433	7.50178
149.3121	22.53973
145.16098	27.9426
178.61672	0.2241
200.80746	50.51071
227.68073	-9.85476
264.45016	11.03418
129.24917	41.40286
193.43216	4.67181
9.94326	11.84563
30.81363	26.41625
41.98343	24.96212
75.61558	14.98326
57.3904	9.91818
239.86519	9.1055
308.50312	-27.90356
55.85583	-1.11563
65.01821	23.8179
205.03786	-17.3527
196.85252	-15.58836
218.40608	-18.58172
210.38912	-31.43379
223.18638	-22.83482
216.64452	-32.11643
335.04809	-15.80082
3.37993	-5.45486
2.9108	-1.44456
24.17971	-0.73032
29.17643	-11.71211
75.51547	10.90638
75.67937	12.47621
168.81455	9.63014
201.53322	9.21262
198.94658	-16.95124
206.99351	-14.57527
225.1557	-8.813
328.76077	-20.48555
47.32429	16.5819
67.39571	21.02016
78.99883	34.8329
146.32055	9.30299
152.94333	18.4633
187.81856	-19.60854
158.61135	32.3962
171.03213	-5.36557
179.63822	-18.89213
220.73292	2.98698
239.13443	-18.24263
308.3187	-14.24629
29.84079	44.80834
15.93522	26.40928
84.48398	7.14028
142.74542	15.48378
154.63239	24.24388
140.8508	7.01529
142.73494	41.80914
168.14898	0.93181
180.68232	21.02727
340.18233	-8.55643
106.27263	-8.87329
7.51468	7.20027
54.08465	36.59504
37.63842	15.19027
61.59663	2.20596
37.84906	21.8146
54.85438	19.34164
119.99308	-1.75354
155.34308	1.07189
203.73688	-0.89486
139.33859	14.00838
184.14152	4.10232
229.62156	-1.91138
23.7799	4.94257
338.44465	12.53822
5.73125	12.11046
28.63032	2.54568
48.37781	-4.374
249.92853	1.52729
37.48734	6.71784
75.22862	-9.90398
341.49539	13.79666
39.03373	-2.50434
24.89642	28.52349
40.57241	-3.1724
85.02342	-8.07642
172.43052	5.6798
153.38152	24.42055
113.01055	50.80134
141.23652	1.3374
180.03422	-3.32438
224.18078	0.41336
227.75256	8.61261
225.62342	-16.39011
342.84643	10.82268
332.36852	9.36799
197.64039	-6.76149
342.13809	16.25813
26.74209	7.55003
28.43853	18.95102
74.96814	11.05958
35.21458	8.43063
8.82753	8.36997
8.38823	15.6863
265.68478	7.17068
23.94239	28.46086
63.90578	22.46798
13.73343	13.10442
27.56599	13.96483
59.06926	41.16623
169.96377	4.97703
119.65788	41.26834
143.74275	10.77505
155.27597	-2.89144
157.02942	-6.20114
140.25638	32.241
218.72947	35.53679
143.60477	0.25444
118.85597	-6.54432
168.31026	31.38123
175.09449	3.81286
202.77997	37.77367
199.66731	-12.45283
177.06438	23.78471
231.39007	10.27102
204.45765	-9.57832
241.44274	23.54369
224.31039	-18.91844
236.34985	-18.66391
253.94984	27.36575
309.63772	-18.21803
303.91026	-16.09354
330.78262	-19.70283
317.49994	-13.42365
8.79443	30.80972
323.88863	-19.68273
335.69944	2.7069
5.04587	-4.24741
111.35971	29.4955
23.10178	30.36671
15.04365	5.43491
42.9402	-5.6927
99.15493	32.53121
31.67142	12.45973
36.79763	12.73201
9.14801	17.35028
42.75782	15.5148
109.19365	22.35601
70.35465	30.2629
54.24974	32.58021
116.05446	26.95847
116.36112	41.37003
140.29584	-5.5184
159.36301	42.84102
129.97478	39.64953
105.43151	37.80244
156.97677	-1.03457
153.8845	2.13203
153.43948	-1.18833
176.23525	13.03084
182.65428	48.81542
128.97248	8.98204
178.06883	24.37628
182.39048	20.05977
145.29891	16.23716
145.3113	17.81168
200.50358	25.0167
130.98234	11.30319
211.38269	28.08163
194.12476	9.25677
229.14541	-10.76691
242.8747	-2.63568
303.85499	-15.06329
250.80408	-3.3658
327.47112	2.15113
304.88724	-15.78555
320.78132	-12.08939
335.57992	24.81993
341.19172	3.7031
44.18225	-3.18614
348.07458	-3.8726
14.25044	-1.33407
47.63531	-5.85109
2.29059	-12.71068
349.01637	10.75127
1.16457	0.81319
34.86068	10.18588
33.76828	-5.09836
40.69617	36.20929
53.13201	23.1642
66.42575	35.41528
283.38523	21.34578
19.27091	-8.99381
32.62674	12.17055
60.42006	-11.59398
79.25255	5.31813
125.82248	8.53648
160.1336	-23.96556
139.19659	17.86241
126.97836	14.08815
235.61654	49.76867
173.84262	3.86358
171.78584	-0.28701
183.26664	10.76468
224.6376	10.44097
194.06447	6.1057
183.13493	-8.2172
167.73743	-25.67789
252.13522	16.60351
217.38251	-13.42624
262.03353	8.462
316.01255	-21.4932
320.81518	11.06599
330.47573	6.88273
355.59549	20.94331
27.70712	23.17771
0.92133	-8.22651
82.94816	9.58748
17.73428	-5.18222
6.2713	5.16878
17.84803	27.51467
50.58838	-20.43021
7.4243	-15.34594
48.52233	-15.35034
33.79166	1.71523
23.26031	34.21428
37.36016	14.98002
64.38434	-12.85745
38.52103	-4.65606
45.36228	19.59647
130.60567	33.91022
121.12435	13.30557
87.57578	46.68085
150.88478	10.29949
143.11304	20.77429
129.4073	36.33257
159.35147	-18.94423
150.66021	-0.10398
189.47985	26.1404
183.42203	1.27148
215.64149	9.82461
203.95678	26.72093
201.38983	19.31725
150.63824	9.80813
232.63087	-11.02509
253.92259	28.28153
254.6932	1.9192
275.71857	-12.22012
316.7912	-14.94571
67.46488	0.30414
35.66455	28.73669
321.54686	-5.90888
13.99394	-17.06427
349.33517	8.06615
320.89534	15.27323
8.92659	29.94983
14.29428	48.11279
22.54337	17.41084
5.37798	11.35287
52.92339	25.96833
29.03284	30.83325
16.80495	13.44661
41.93929	-19.95634
21.62341	1.14709
10.02138	31.41562
9.0652	25.07564
306.86358	-11.8931
21.52901	14.21727
40.51196	1.12081
41.56781	19.10481
52.32656	-14.98555
20.51284	28.73234
44.54804	38.80582
115.86104	25.92745
137.13635	17.03881
192.4175	3.69105
179.23116	14.56675
192.28859	-15.25546
187.53463	2.3332
177.4253	46.04706
215.26048	4.91201
225.09617	-17.76311
252.49395	32.75319
282.58269	15.10392
280.71488	39.07336
11.5361	18.24781
335.48362	-3.7859
27.33264	-17.41952
327.06672	48.80647
129.59095	-0.16331
16.77378	25.85545
55.93139	54.88142
37.97067	-16.32063
53.50115	20.00975
59.9156	14.83532
129.88907	29.39232
39.60232	36.14647
41.28394	24.08418
52.16139	-8.31271
27.22109	41.13059
120.1643	47.29604
80.28345	-7.81957
62.3821	35.88627
28.71657	15.06914
36.90802	22.16248
51.33234	16.85323
56.2695	40.59705
67.38471	15.05952
44.06462	26.43484
31.69031	19.01998
141.65275	48.19664
101.97063	26.94157
59.7537	3.55605
100.22984	32.32447
132.95359	47.02794
123.95384	6.00381
155.54772	2.74921
137.14562	16.89963
151.17457	5.25607
147.17974	39.58559
152.27496	34.49526
185.7952	25.65943
182.87133	-5.28228
151.13507	34.05305
246.95515	-6.34603
194.24792	13.3887
204.69481	-0.42565
224.24918	0.0758
251.03678	23.77711
244.85095	-7.86829
308.14859	-27.92437
312.14012	-27.25129
316.2881	3.66706
22.19401	-10.87977
14.90133	11.7686
344.98386	24.88353
319.99119	55.34573
37.33057	16.93285
42.18613	-20.37197
75.46481	8.23479
60.92194	20.85688
69.96439	11.65776
70.57343	-9.57217
25.32728	4.06986
146.65751	14.10985
154.83083	12.66761
354.45059	1.503
194.3503	-2.55877
39.96294	15.6523
38.75688	-1.16729
42.43679	22.38831
127.43581	15.60788
154.50088	14.77743
132.52704	10.0423
208.37328	-10.7225
330.51473	-5.34254
79.75329	3.80605
10.2314	1.99367
39.65057	7.72607
121.06657	19.25979
166.49675	25.0097
164.53568	9.79012
22.135	11.45548
29.54292	11.29843
167.8864	0.58993
189.43495	0.06855
243.53127	20.03475
220.90135	1.48151
6.78303	-10.39603
12.66425	31.15221
35.59092	9.9405
158.44439	24.72222
167.94159	-5.6765
208.27344	-9.83247
25.18231	-10.43611
5.65454	10.44591
356.67793	-0.60711
126.93382	22.50106
151.10896	13.62796
216.50218	23.98187
192.90207	15.99526
208.38174	-12.49678
214.36647	-10.28929
222.66548	-24.06388
227.64899	11.61197
306.38032	-22.76361
333.60436	13.72626
12.51441	16.61849
51.40395	19.69413
197.73936	-10.84108
167.6094	-10.8876
226.7872	-18.92084
236.30589	-2.87882
250.87371	3.23814
60.28552	28.93997
29.94028	-27.54614
77.11928	11.39474
77.92805	19.98413
111.66795	25.79507
129.48864	31.20656
147.44891	3.4197
124.20481	41.48405
173.7684	8.10819
226.80986	-16.78261
220.311	-17.8036
215.39005	-19.72368
231.82592	27.37391
200.72583	-17.58006
258.82094	10.64216
348.30762	1.57456
149.63254	26.55768
32.58716	31.42209
67.56745	32.21006
83.55365	6.89259
136.13627	-5.60393
161.90733	18.94375
135.92688	43.67035
176.8435	8.9572
208.30682	11.85329
197.11939	-7.77992
323.79356	-12.28664
308.95561	-21.30868
352.05733	12.76103
70.54123	9.92022
29.96028	14.1111
24.68614	8.73698
47.64507	25.07259
110.80326	23.8721
150.5548	12.55628
145.15843	11.82104
231.90693	10.28519
228.18536	-18.02737
219.17463	-9.68645
229.13371	-13.07044
329.40407	-2.41198
345.93268	34.24099
356.31271	-5.51366
13.95804	3.51962
56.56903	-13.88551
102.26168	3.91856
29.77156	-2.43141
47.6882	22.18028
55.60236	11.22336
93.21862	18.4784
135.15963	46.57855
119.85265	28.93412
117.33033	43.65972
121.6383	23.4236
138.7591	24.32956
140.37263	21.20014
134.57502	13.34533
154.01205	15.79259
221.13063	37.14641
194.52845	4.01374
183.14157	5.20562
196.24808	-4.16786
214.31395	0.34895
214.90665	-16.13791
180.78833	-23.25534
207.63664	-5.23837
297.30633	-23.94794
323.03299	-14.37504
260.05249	-4.43607
14.67986	-37.7608
14.67785	17.16473
44.05945	29.85465
51.81546	27.67776
314.89148	29.7035
34.49663	-4.62153
44.8541	18.9168
46.03772	12.26148
49.07756	9.4918
44.36158	37.62864
59.94156	0.8657
62.21733	18.64861
141.69514	18.95905
137.54028	47.71186
121.97572	27.28919
138.62257	29.64477
156.10035	11.03843
146.55587	23.27403
146.22833	1.05617
129.06873	9.6164
153.77409	-0.22969
150.12805	8.21932
163.72019	28.52629
162.30542	11.92434
190.68504	18.07442
197.44646	-1.60382
195.93427	-8.70413
147.63982	7.39107
216.07278	-11.63022
211.40256	-7.81066
330.54464	-21.09864
327.31607	10.49711
308.62272	3.12286
339.68587	-14.21861
354.25499	32.46151
10.30125	7.42679
342.10776	20.61324
358.17467	19.22503
336.62346	32.60632
84.75134	21.8818
49.10143	25.62078
39.32654	8.14456
64.93592	-13.75735
61.72218	47.47219
145.77577	10.73766
198.25139	35.46851
211.30369	43.26797
145.51583	47.3288
195.48911	32.03624
181.18704	-10.67582
148.89744	-22.61767
191.44135	-0.05987
224.4526	51.95343
195.66921	45.43903
224.6613	-0.61877
247.44119	-10.98669
34.2454	12.08747
347.08869	4.14561
22.85965	12.33114
5.22214	27.43602
90.58273	-0.05721
27.42963	6.27071
8.82429	7.85903
27.67929	9.144
36.61921	-12.92259
14.83146	32.56017
21.53488	9.18433
87.67853	55.51481
47.84627	-0.23528
54.61428	-4.64293
108.06852	40.58363
42.95511	28.00553
83.79846	14.10763
165.09637	38.78556
123.18113	28.26249
114.40856	32.29982
137.08756	33.11141
146.97872	29.66857
163.6391	30.76722
197.32096	6.86893
232.39118	14.99187
227.9066	-19.88987
239.6709	14.60563
340.96021	-3.07898
249.74913	17.59862
328.48063	13.05594
306.66452	44.39859
333.15599	0.88367
350.12071	-2.29611
351.74362	-2.98414
327.28381	-1.63098
354.47806	-5.23737
36.68446	-22.4873
20.96345	7.37093
60.33865	3.84863
63.2325	13.05395
84.6208	-10.142
55.10247	26.58738
54.06264	26.80048
60.34864	19.02295
112.84511	17.36173
117.47176	22.64444
164.77152	33.74369
183.5847	-29.95606
123.9884	36.43709
152.40698	-2.14577
189.03676	12.16751
187.09227	17.0178
203.14246	23.09759
192.38944	36.6494
196.24344	17.78748
194.87551	6.39642
246.63534	-13.20365
228.81802	14.52765
249.91368	22.59745
205.82058	27.6061
325.60336	16.13805
349.45966	9.5805
5.13682	17.12141
310.18885	26.34542
7.38953	-4.75783
345.72683	21.18042
310.52184	-6.60802
48.47198	22.57173
18.87556	30.98885
9.40342	10.08941
357.40559	19.76553
33.21128	21.117
42.53672	18.12566
353.13182	32.2556
75.73345	-3.71911
60.36395	-3.26479
42.86452	-20.11663
51.77511	35.61943
72.60062	23.22771
86.44808	6.25365
67.9314	0.18588
113.08927	55.92335
125.01467	-7.34562
115.94384	41.61074
60.44532	14.18925
144.77019	12.01879
127.3144	35.87422
109.19851	58.06308
96.15887	33.28804
145.44666	10.36352
126.06673	18.35428
174.05036	-9.27914
192.5951	4.3478
199.09578	-20.16177
200.06237	1.04719
237.52093	-3.0681
221.82978	5.38775
333.02615	-9.0502
8.03646	36.36123
291.24725	-13.49799
1.0395	-6.88498
345.52287	15.36222
115.0362	1.02867
356.49743	12.78297
11.4108	-7.31086
332.47257	19.85396
27.44407	12.6427
17.76922	15.16317
210.58562	17.5309
32.84256	26.87972
100.54569	-1.22339
46.85823	16.27302
40.41522	13.83653
64.24218	29.04835
52.10825	-6.10342
52.95651	56.80666
83.17199	24.04392
60.29555	20.23391
84.15469	13.62227
130.57127	42.04177
98.27144	37.75834
153.93938	51.98009
163.67563	-9.94963
144.32419	13.47588
155.28252	39.56475
158.30151	6.35547
177.51612	21.9448
214.6653	25.07982
135.21997	14.74444
217.2973	-18.46441
237.48703	5.33319
237.20391	10.13814
312.20609	-13.19623
311.57992	-26.27256
235.96722	29.41486
325.81847	26.61661
340.83707	14.62434
72.82564	10.87142
10.80044	17.43601
356.45739	18.71342
46.45531	9.65171
350.9534	0.37253
354.43781	26.01493
3.29208	-15.21119
25.65486	25.02054
43.05268	7.96487
68.41557	18.62568
15.74902	21.1566
68.83317	-9.7899
19.68396	4.47164
31.91853	31.3596
38.36103	15.4046
36.81499	11.16601
59.89768	50.99145
51.97811	11.63098
53.92853	16.46073
34.55586	27.0709
95.40173	-9.75122
70.76794	17.9514
66.91976	22.45853
87.75564	2.03292
58.18834	26.18735
81.43287	8.46963
215.65345	-16.93712
165.97349	4.02605
13.96558	1.91437
147.69332	28.32294
135.676	14.11173
311.7015	-39.90232
55.22073	18.84498
137.41941	10.87463
80.34669	-59.63094
127.55005	12.22101
146.73353	12.01117
104.35952	-22.55278
166.72493	-0.37772
307.9176	-31.53572
330.71921	14.10495
34.44478	-5.29633
72.72338	24.6633
118.59769	3.08289
68.54191	6.84392
104.77046	28.48296
138.73289	11.89509
145.01305	18.57923
222.56741	10.77116
9.85642	11.50719
32.65147	11.82127
31.09353	33.60737
60.77746	29.04298
119.41889	26.00864
138.02924	12.29653
49.75092	15.462
126.63372	3.54304
168.73452	35.30059
54.74931	18.46803
39.72662	9.46992
35.02566	10.87969
80.25456	19.13148
189.77838	6.22971
199.86906	2.83724
213.56985	-10.01478
202.94706	-10.54306
267.78697	-7.51715
333.06427	-20.00105
2.968	5.17948
333.87952	10.54775
3.16384	2.38793
39.73987	15.98789
78.48874	13.6065
122.43345	6.3993
211.52951	2.57458
194.87054	-8.28417
192.88766	-22.07297
196.48963	41.51791
232.56931	-19.74536
30.06676	16.95221
66.44868	15.24745
121.67918	21.99302
158.9308	-7.30366
195.99552	-5.46619
204.54755	8.0176
258.90086	-12.9979
304.31835	-19.62575
326.79334	-18.72719
347.99451	42.09332
66.79867	26.01502
36.60257	4.63052
25.34026	37.16979
126.83228	22.07616
143.40049	30.47799
155.09269	35.03435
149.37854	5.43463
167.78824	16.8897
302.96072	-10.02316
308.70616	-24.70054
343.16146	-7.00976
350.35888	0.02004
21.27756	4.68213
52.49158	-2.0515
12.51466	-6.61357
20.63396	19.8046
116.35461	16.2487
65.20036	13.26649
139.64712	19.18448
145.01452	18.2235
175.17071	18.07809
131.30108	5.24405
199.40948	3.96493
201.30719	10.73166
345.5069	3.51679
335.2447	1.66728
26.17767	19.79747
115.64286	-14.95476
38.62479	-10.36023
335.81785	8.60735
24.87491	-1.8402
56.48942	7.19252
21.2996	6.40771
57.76869	17.69158
30.86243	29.1312
50.05353	21.40397
138.30221	7.13829
113.53526	39.12588
136.82199	15.98749
164.96885	11.96985
140.42612	41.8779
241.21321	47.9413
212.57972	20.21369
198.1118	16.81375
205.0838	-24.58818
230.50517	11.59165
212.64094	-15.49968
236.19953	30.42415
244.97512	-3.30841
228.53663	4.93379
251.7418	2.40193
241.8556	-16.6117
22.49687	14.15756
192.23825	-10.00023
35.19645	25.66997
351.04683	28.30513
61.33694	14.37354
68.20246	-7.42123
77.86008	25.01483
126.65177	20.82598
123.01758	37.03248
128.58602	28.06851
155.58836	37.61537
222.79799	-13.72871
199.01588	0.99743
221.35714	6.2983
192.4997	51.41353
232.2459	29.08466
243.66524	2.00084
310.38251	1.21916
357.21089	16.33203
42.37156	26.30981
339.64632	-5.49545
22.48572	-11.55131
60.90149	16.90483
33.26345	-3.90101
15.08127	1.79232
34.26172	5.18701
31.25695	-9.91553
59.32423	49.50166
47.92095	18.06927
62.56833	2.84436
85.0857	-5.84326
111.2757	38.42104
60.77232	41.75453
141.43201	34.40896
133.76849	20.30912
149.21456	25.33651
117.14648	39.38025
203.87679	30.23277
136.36479	18.45422
143.61557	14.38951
203.81811	35.01234
190.82761	-2.09755
202.03405	17.45936
225.82538	-19.74206
216.93644	-2.15374
228.49522	15.89583
213.9673	-1.95529
241.14931	4.09129
266.44902	-8.51636
248.50259	-10.40579
310.71093	-12.87498
313.45464	-5.01916
3.39302	11.27993
321.89673	3.87856
228.6227	11.48872
21.83331	7.98681
6.80843	-1.15254
11.28904	22.66893
59.24624	19.39073
33.27551	9.3939
34.75866	-2.18116
56.20823	-11.95704
140.84659	43.89941
45.9998	11.96174
87.23049	44.00408
119.7029	34.36154
134.90667	20.48879
140.59693	5.5842
124.43814	27.20515
131.31121	21.91488
136.00734	23.44931
165.20497	-6.93769
181.00324	21.64941
186.84813	-6.79296
161.60258	-7.84502
190.85363	11.20842
190.35845	28.35239
221.18105	6.51633
234.77536	15.4554
230.99474	29.96778
235.26578	12.66348
225.23954	-14.54684
241.14638	-5.89461
230.65664	-18.76091
251.58387	8.89736
321.66352	-26.09329
309.68842	-15.91339
207.71705	26.37263
317.74568	-25.9877
336.29776	16.78713
44.75617	-4.04887
187.42321	8.60227
11.15451	2.0114
7.62863	11.41885
11.97745	12.68004
202.16005	8.93885
35.77207	5.94915
60.27037	10.8857
126.05465	36.50099
106.66343	50.15265
75.04405	39.39029
119.63249	3.60399
154.23949	3.24461
120.33772	34.7993
170.85887	51.82851
156.55623	12.10464
162.34643	8.55415
178.64291	7.25356
177.977	-15.19946
209.79763	-5.34077
246.34459	20.89823
230.31507	-22.6656
236.49854	17.07938
250.51178	12.846
318.60343	-19.85054
325.73833	-19.17642
323.85896	-5.14196
339.88861	-3.47101
359.10291	-22.72523
318.17141	9.10328
34.94737	43.65474
56.38724	4.75674
11.78948	-0.65015
17.11282	19.42969
343.44655	-7.62298
353.13055	43.17527
9.80281	26.43343
53.20223	9.72318
38.67059	21.59005
51.04236	9.68665
72.20649	1.55423
79.07338	0.74753
68.28207	34.95856
50.42735	37.68889
205.26942	70.88355
198.77535	18.73484
147.48817	17.07071
186.78405	0.06562
170.62867	-3.49891
198.49736	-3.48264
243.26112	-15.41889
203.09396	-12.57702
330.38454	14.17671
342.68622	-0.15577
318.21463	10.82484
327.1764	11.54909
4.32162	9.38649
19.54852	-9.66665
23.24065	15.9338
30.83168	27.34979
21.69613	23.47907
26.94036	19.88862
334.44344	30.48975
64.25603	25.56135
49.99898	28.62852
86.76745	-8.42714
89.16078	0.82009
67.92141	24.12389
7.33854	22.88949
21.60628	15.78482
117.55274	28.19282
57.03289	-14.90901
112.55337	36.70404
125.4036	4.90177
110.64623	9.4002
87.17611	4.44741
134.15911	42.91739
118.31482	10.7197
182.17388	19.59211
173.14849	30.04222
157.66857	40.61112
146.47156	13.99816
123.20666	-2.66927
160.03013	3.24059
148.97408	4.52035
221.20066	12.7997
159.60374	24.94084
207.77963	19.97405
178.37964	8.94977
194.96599	11.23403
209.54761	-13.1675
209.32218	2.35642
222.94811	-10.82578
206.23299	15.68533
205.47405	-4.41008
240.52679	0.77318
205.04409	-16.41244
301.41519	-16.38956
321.97181	-8.62053
310.66871	-4.00501
321.96046	-5.3819
197.03094	-6.65935
340.50367	14.7824
41.29381	36.6926
8.55714	15.7467
42.861	2.21566
35.61871	10.08439
37.98529	0.86802
343.2534	25.76906
29.54196	12.3752
33.6916	36.29692
113.96648	28.25274
34.40925	0.53119
41.17076	18.31154
139.5811	29.24979
70.87507	14.79805
47.36674	16.63768
44.60256	47.95334
82.6297	8.91355
65.31	17.75266
11.24455	18.28727
75.70521	11.54507
33.46564	24.73
106.24339	65.5056
52.1597	28.5756
47.76322	36.29741
45.85012	14.54596
79.60568	23.78908
106.80721	50.86224
162.52597	2.78851
27.21043	-28.26326
21.74192	6.98856
32.53165	12.6748
144.72257	10.41577
351.13323	7.51074
55.38466	15.90027
180.54314	0.68733
68.12595	25.36152
144.9909	9.63984
24.20876	21.20096
50.39228	15.38002
57.58813	17.88888
66.46037	12.96872
117.98785	9.0347
4.95928	20.09577
82.3745	20.71758
110.26304	27.64759
207.47769	9.07347
188.63292	5.0536
350.83175	3.47422
13.07002	15.2315
232.88886	-13.32495
178.82421	2.71937
171.56994	-3.88272
207.74682	-13.86623
199.26517	10.59547
228.80193	-25.22806
224.74224	-8.57159
247.15503	-11.97995
23.41919	5.09763
40.13649	12.63969
79.92984	23.40185
139.47019	35.18506
140.36313	23.04502
173.76061	20.30507
187.38921	-17.01166
344.07317	9.86129
8.94767	4.38902
54.40663	41.17763
68.96103	9.27311
81.25087	15.85861
85.30994	26.3867
87.41022	23.82118
114.98791	24.67177
134.43974	13.65016
178.06669	49.08468
178.74815	2.48856
176.00457	-12.99939
169.7971	18.80115
215.29652	-14.51917
210.73959	-3.96171
111.0837	17.20464
341.96931	23.73059
344.34521	13.09703
355.97914	-2.81674
65.64043	-1.08254
85.6517	3.9825
49.19244	24.05181
62.57805	21.52552
88.09907	3.8049
119.78623	15.62383
149.85805	13.31555
209.09159	-17.0882
313.16824	-14.69443
351.39862	-0.61678
346.97186	-12.49215
339.28621	-3.74325
347.55756	4.1254
12.21507	31.52495
39.3317	9.60689
19.38901	0.25091
13.09797	23.41917
44.91189	24.99213
223.68312	-12.29876
38.81549	13.02319
24.39838	-0.36507
41.96075	20.39532
54.64409	20.31623
202.46526	42.13904
172.38951	-2.53234
164.05634	48.39571
214.15327	24.51091
246.21155	6.05649
273.97848	30.39964
290.08888	60.11122
330.93043	6.82322
7.5951	-3.91516
44.15849	2.26574
57.58852	30.4311
31.13465	13.9229
52.46338	1.11562
30.58151	1.2391
143.36135	-32.63085
134.58316	19.40536
136.03906	40.05084
156.7632	11.5266
177.19318	-6.39841
172.13337	7.22913
209.93783	-18.21277
214.56159	29.80196
292.24063	-28.46898
335.43107	-37.96768
353.24156	29.74775
2.94935	14.5962
234.6888	-3.18027
66.74266	4.36401
144.84826	9.4076
37.50653	21.81422
47.55982	24.54697
55.03174	23.81421
113.37634	40.19287
124.72428	27.02289
126.29062	40.06421
121.32029	18.8601
116.95644	14.97862
183.1713	16.75309
236.22028	-9.05988
218.22142	-16.68258
199.13456	-12.95268
251.26271	0.32631
218.56026	-3.83476
218.82104	5.69679
213.56271	-1.91376
195.78821	-20.5916
238.46412	-14.84791
330.71359	-23.73903
320.88629	-10.26916
320.58789	23.24993
251.06393	54.86383
17.6391	32.94231
8.27708	-6.72786
6.41512	-4.37954
4.09954	29.94349
21.6915	16.98297
67.2753	19.48286
114.4956	6.97208
29.35112	1.69265
333.92088	-20.56838
22.58448	1.26675
30.52676	7.86994
23.87558	22.34005
16.65109	19.3709
62.29066	-5.97644
105.56272	41.55191
59.11978	-4.62292
76.69975	0.99713
117.06282	19.28298
122.60882	31.12262
150.63244	-0.22285
160.72517	9.12292
172.41399	7.87827
165.08918	8.12979
196.83904	-8.15274
204.59937	-17.43088
203.06133	-15.7174
187.55838	6.99794
194.51121	33.45421
235.09046	-11.10875
11.6584	14.09086
19.88782	-22.5227
17.8626	8.80482
18.76269	32.04113
60.14945	0.71831
25.19096	31.12916
59.60691	-2.6259
354.84651	21.01172
27.75632	-12.15679
74.03642	-6.92303
148.58289	24.87278
132.7113	35.79334
142.99141	5.6162
123.14103	2.80251
104.09665	25.23756
146.01211	0.50243
102.66202	47.63158
150.59323	13.44157
170.73636	-22.98573
146.7394	15.26405
159.5131	18.68602
165.7238	12.32314
176.64315	34.86595
190.07979	4.33177
170.55972	-8.9638
175.20822	-0.38641
187.89358	-5.08394
186.98167	46.58643
233.48777	1.51025
210.07986	-8.89694
190.25214	21.13139
181.67826	-5.64067
190.12036	-17.57728
176.49233	14.44625
205.89581	15.90092
230.32417	34.89319
312.57505	1.00629
316.54376	-25.97122
344.88798	-3.90696
340.48627	7.10154
170.47851	-12.92802
31.65036	38.66654
22.85397	13.18786
342.31433	7.03055
54.68705	-12.75439
31.8383	25.90052
36.32691	20.85825
349.86708	5.73693
30.59344	28.93931
20.50955	16.54858
10.98798	-1.78497
48.66677	3.32334
94.10841	7.29497
10.61034	21.86233
50.98522	30.23167
57.97276	-4.78452
52.75534	21.33189
54.60548	3.90359
73.56926	16.73109
50.81809	20.94519
135.15993	12.09863
193.25801	37.3103
198.20257	45.91537
150.07235	4.33008
191.72009	5.89499
196.71677	-20.05485
200.30131	10.25429
197.52952	16.29437
308.15289	-19.22446
300.27409	-3.38225
314.91514	10.57205
347.18128	-24.43325
319.89989	-5.11569
330.4838	10.9194
358.14133	13.95634
345.11321	10.98055
343.58764	34.99256
11.29899	8.8623
33.4002	21.58621
27.96498	3.67361
12.42461	-8.18145
47.85053	27.87223
68.68742	32.48315
58.99886	36.49272
60.22114	-2.25198
18.77299	16.57166
17.5467	38.75534
74.89104	-4.42436
76.56606	18.82146
77.71891	34.66041
110.30097	43.7235
108.17029	9.4094
126.87961	36.31131
116.58177	21.84558
198.84854	15.2927
139.82401	3.5596
189.26334	22.55821
193.00306	-1.71787
222.81329	19.7628
221.91625	4.99949
245.32389	-8.0502
243.50631	-22.31484
318.62225	-6.34111
311.54782	-32.29579
213.08205	6.27033
298.90174	-12.20992
30.48244	-11.63411
10.60342	26.88194
333.80489	14.03469
165.87454	-17.40269
335.15388	32.20103
23.70702	5.234
52.43118	-25.31324
40.71619	24.64529
9.70878	22.57819
34.26982	10.45969
30.91729	10.54829
35.64961	21.7296
65.1954	23.12421
81.63066	-0.83596
108.44419	48.59097
80.49461	15.53817
123.1511	43.02398
146.70847	0.82684
150.00885	31.94436
197.09781	29.14444
155.38424	27.20462
96.42444	-21.09766
213.88008	34.25633
164.78944	38.12512
179.3362	-14.79537
170.85699	15.76289
239.4455	-13.89916
234.78222	-7.31519
237.22097	-6.41119
266.03525	41.85535
343.15673	-25.88034
324.61817	-7.29012
315.08376	9.45715
2.01784	-10.48089
336.37962	-26.50154
93.45953	50.44093
31.05357	-1.09177
355.17368	18.62245
55.68525	2.95917
43.52712	5.68837
45.83841	24.14699
114.8367	63.72221
24.92351	-3.84257
153.24447	4.85184
12.68233	22.93004
136.46916	23.55776
67.51203	21.94185
124.17416	14.75824
45.79147	24.80411
60.7214	15.414
205.96973	-1.94761
315.05457	-9.9758
44.72804	10.98011
54.90552	1.82162
156.87135	25.37338
324.30112	16.28324
222.3994	10.90417
356.90756	3.30203
48.72361	9.15778
151.41698	8.26921
150.06729	15.61836
155.08329	18.30697
153.76355	17.94894
129.84518	17.45958
152.13397	16.3397
116.0491	21.14446
139.16332	24.57277
155.52048	5.73993
232.8406	-19.04158
338.73304	-26.4423
62.13395	30.62384
107.21128	24.71385
121.80624	23.64817
120.04999	23.85475
81.41599	19.39876
150.22967	20.72812
175.20681	11.69635
323.74004	-9.18966
112.76471	26.82758
118.69331	30.69584
230.40984	-4.38169
207.50822	-30.17606
335.40689	-2.30107
10.87577	-2.32253
3.78643	5.07197
36.8046	27.05753
76.99286	-4.37084
179.4335	-1.20194
192.06833	-8.08671
226.18614	-5.09412
235.47818	-17.87192
250.21208	11.68824
130.7455	5.36822
357.9907	-1.62227
14.04893	33.88802
33.49965	11.44127
29.53136	5.39134
152.7224	18.68129
120.56175	19.04503
128.55368	7.05228
175.42513	26.46223
174.65785	7.23081
174.18962	0.90263
172.58016	-2.34112
192.24977	20.39051
190.78427	10.2005
345.73656	1.16801
5.22335	8.67201
44.19421	11.27349
53.20397	43.37643
69.65425	28.49235
24.25784	19.37235
159.94632	2.56401
163.52656	-9.23046
243.03928	30.32942
218.12066	11.13644
171.67528	8.3767
211.62028	4.16687
232.87904	22.509
254.69268	-0.11591
268.84213	-9.2417
318.12994	-3.71094
349.17839	-3.01282
353.6019	24.46147
43.17333	19.5694
120.42935	24.2906
98.47797	33.38613
155.94792	33.57041
126.86334	11.79737
170.55401	-14.24333
139.95742	40.7498
210.55334	46.74867
156.01309	34.85715
188.13209	-4.6662
197.64192	15.00056
218.43438	-11.57251
216.05369	45.13297
322.30073	-25.45471
335.97578	21.20084
180.58057	8.30231
20.2755	-4.24638
27.75405	13.15546
25.78256	54.57707
143.34686	16.78251
154.80521	23.22058
114.98258	36.56817
189.74149	-7.77491
197.87444	47.42922
218.2922	-7.96801
200.28003	-19.74945
250.69848	39.89005
306.60994	5.28515
353.45547	-5.81211
5.39796	-2.41813
313.08845	-28.60375
343.42932	1.86147
332.39948	7.45177
4.16215	-8.25295
10.80214	25.63674
63.74147	9.05892
41.02524	-2.33768
100.90687	-3.64659
121.98135	18.26658
104.42168	27.64252
137.37276	14.94017
159.16289	7.24494
145.34627	23.39289
139.97337	5.18696
136.73601	13.54665
175.6854	-19.13814
170.48998	4.18044
201.73989	1.72434
219.6955	-7.91487
206.47966	16.89787
225.87328	-18.26729
341.24694	-3.76188
325.71693	2.1065
349.81756	-5.62799
349.72497	3.74877
357.70787	3.50504
15.782	9.23947
38.72819	22.37989
55.32514	-14.66193
11.56485	8.98723
69.15667	11.65176
110.57833	36.45278
134.86594	24.45753
121.01983	13.06493
132.98612	18.07883
132.42484	19.26587
144.20185	-0.25154
161.34904	10.71916
205.44624	-4.61907
235.37984	-10.44985
215.01158	18.61296
223.55056	36.4628
200.81932	7.50875
271.04006	36.85815
316.63898	-11.97325
314.80746	1.2381
22.12058	12.80044
352.2929	10.97847
354.54396	6.05045
233.17194	5.45005
322.55176	19.02604
16.8601	25.13881
32.75139	47.95979
33.62986	-1.91865
44.61068	9.06357
60.10903	44.33328
61.04713	29.53791
99.71894	40.08034
60.94544	-0.00148
52.88724	30.25507
161.43721	35.3796
148.19352	18.98413
103.37464	32.96742
149.74148	15.73567
142.18228	20.64802
193.51271	16.18856
138.04011	8.79502
158.07516	2.59239
150.02798	10.82796
145.4194	47.13453
145.48245	-16.37817
211.61902	-15.87431
169.50491	12.9523
229.49199	-7.0341
190.29664	-3.83863
228.66249	26.52338
224.34263	13.43511
216.82097	-26.5577
237.95036	-8.73827
311.57838	-38.27091
209.69852	-7.64367
268.81594	10.35895
347.64427	-10.70687
348.93948	0.14768
29.89051	-0.04365
352.87542	7.32617
9.10826	15.69854
18.19894	20.76051
308.32101	13.19084
68.33589	1.9726
64.81519	18.28872
38.21823	7.05937
127.31055	13.51647
105.8661	31.11059
145.52889	35.76243
158.81334	43.45933
162.06422	52.66981
190.9493	-10.65695
205.98973	8.54699
164.48206	19.46556
203.53397	-9.32656
216.71493	25.73716
236.44264	7.24014
237.42139	-7.85625
276.09136	50.07359
302.69692	-12.21964
3.29791	-5.10623
6.2763	-2.53026
338.36435	-4.26602
157.81202	-16.85745
349.71687	7.93373
349.0485	1.13575
17.83267	1.82217
351.03089	8.33898
286.98253	-0.10728
16.28848	52.84734
77.78814	24.87838
58.93297	25.24276
70.04524	12.12377
74.29089	-4.87823
126.98552	31.31868
105.22704	32.58075
93.25188	47.67406
104.4771	38.97566
124.44618	32.6439
125.38542	28.42036
119.56029	23.17666
146.14541	0.72149
168.66292	21.98116
201.73184	17.32317
205.85974	-21.70143
195.51647	-9.19243
189.57746	-9.00935
172.04	3.34876
168.09696	47.31391
221.71584	46.64385
182.77131	0.52274
237.07235	35.37739
310.81196	-22.2303
322.21661	0.42501
304.48611	-22.56965
320.57992	2.45786
338.21609	-26.8075
26.5795	-2.81944
25.70107	5.88749
14.00122	34.95501
336.78597	-22.20732
9.74681	8.99453
31.25935	14.23197
27.93074	8.49597
48.04847	28.64295
36.4039	13.54686
25.29471	30.08525
28.78772	6.99787
70.44288	24.98464
76.43883	0.92725
30.32852	39.70287
90.10051	52.47704
85.56192	21.69562
86.89464	11.64307
137.56406	19.9265
139.1785	44.59502
110.58779	12.81534
126.50755	17.35021
137.90113	0.21351
150.42341	27.90381
137.68744	48.31451
171.22859	-5.6177
144.27196	11.35146
192.56204	54.46588
134.50323	27.67012
179.72922	4.9382
203.11638	0.77555
181.24333	2.61675
226.76388	19.309
211.23356	0.82756
240.37754	1.55036
315.28965	1.93468
13.07906	9.65483
325.46914	24.05739
24.7545	13.57536
11.57201	-10.87367
24.52929	20.7077
6.56691	12.24203
28.66986	8.60103
27.39738	-2.69862
46.65226	-2.32115
14.25593	11.70808
349.48782	23.24089
7.64899	4.12798
35.46436	20.64504
354.42996	12.14915
18.22776	4.25669
82.06382	12.01937
34.4587	9.44429
74.23571	12.19941
67.56139	37.43103
53.59523	33.19113
69.46484	13.70311
69.49964	10.35846
56.84951	56.05857
26.43769	0.46621
208.06659	-9.87307
30.61584	8.78143
131.84075	18.45997
33.0352	21.69087
160.20278	20.77369
16.38869	12.52448
47.97223	-5.34052
353.93252	14.06765
44.98965	20.32302
54.43841	31.76358
23.50465	27.57908
121.68958	16.89419
195.88468	12.38869
26.02964	4.89973
28.11973	6.32971
335.10454	12.70311
12.77818	7.00144
257.07149	17.46679
235.72588	2.34863
323.76301	-18.40708
326.20521	17.25084
358.71098	10.92138
349.61956	3.37176
15.67696	14.80784
20.13683	12.65508
76.25504	15.18264
124.33388	36.53356
215.03451	-18.69209
99.46543	39.51214
170.20512	4.14173
188.78005	-14.72577
198.68532	-10.74874
49.91189	17.19622
34.39155	4.45197
78.85291	11.80857
71.51731	15.1782
53.87354	20.27002
86.04473	-5.76304
148.49506	-0.20972
147.44541	12.50862
160.09551	-12.46374
175.9575	9.79459
192.08707	-1.14024
253.10693	-2.83538
354.27193	11.14071
26.36482	10.10099
72.6857	26.09838
29.8087	22.34741
97.43876	12.69789
88.21494	-14.58825
173.02564	4.74572
202.06838	10.50731
353.65022	10.84877
7.55892	12.96972
22.85285	6.51933
30.12464	37.53377
70.69032	20.98716
64.28349	20.68731
64.3491	17.3209
57.50942	13.49485
91.71694	9.32613
125.78835	20.71315
147.77887	-5.19628
190.01884	42.46943
185.83063	13.70717
191.88603	43.8547
218.48157	19.25391
219.92379	1.40395
308.82628	8.10376
348.88015	6.77466
51.24855	37.0448
43.38668	11.69642
88.60376	1.17572
139.45427	11.49773
109.10267	27.50511
124.99793	5.49156
192.67316	-3.25939
204.93801	-8.96119
178.06728	-7.74501
224.83866	5.92323
189.33253	-2.31263
201.68061	-8.5251
222.27805	-6.86869
250.97015	30.57264
345.8135	-12.06268
12.99354	-12.85785
7.51373	4.52125
351.63707	-8.47577
24.97484	32.24605
27.51726	25.99481
67.14472	15.17663
3.93883	4.4789
39.66302	17.65147
31.02283	32.12236
43.52848	6.83103
79.46904	15.30321
110.57346	24.80897
74.17536	25.08012
138.2219	8.44172
147.32934	40.44603
125.84114	13.59937
145.82004	11.55882
154.14366	-10.62994
159.88368	-8.85947
122.2596	61.73882
216.63942	-0.98107
215.22076	17.71129
220.54018	3.74044
226.05231	7.31274
209.93445	15.6475
245.61583	-9.63349
342.38748	4.35943
308.2109	-17.93925
2.86606	5.30369
352.10007	0.05267
37.22241	-3.86998
17.29927	-1.69634
67.16347	20.15275
64.47831	-1.58364
48.9738	27.02776
52.89938	10.71315
48.92144	21.54557
103.28931	15.81146
73.32126	50.5073
121.87063	3.68183
118.91299	10.41095
146.1654	25.5583
162.25244	9.15632
207.50788	2.53676
238.00757	12.17042
203.70939	-24.51281
231.20301	-23.58762
221.70483	-17.21993
181.44149	-10.99724
216.16406	2.43793
227.05589	16.5595
241.63435	16.51734
296.54974	-19.2825
333.06159	26.0177
2.00997	26.39613
9.74105	-12.69335
11.89925	-8.1428
28.22995	7.64091
11.6805	4.03915
30.97279	19.51658
30.99062	7.08664
30.7202	-9.23623
52.82397	3.92161
44.66274	21.55766
34.89436	43.55795
20.39698	24.11441
41.96946	-11.34573
117.29662	29.0736
75.24255	23.68293
62.91858	15.20099
174.20613	30.77579
177.92089	33.07229
174.09789	20.94354
197.18764	6.58053
208.42495	-9.75478
204.36419	-13.29626
215.09517	10.5112
217.70352	8.37035
223.83914	-13.52735
221.90599	-19.31811
252.74205	25.02559
247.47164	-20.6783
245.32389	-10.12088
319.27565	-14.95083
327.63379	-17.88424
309.33226	-17.83213
0.61709	-7.364
176.46873	-11.98587
348.1713	-0.28771
43.28258	15.76671
20.92393	17.02733
28.10518	12.02855
21.89909	15.23872
34.54888	13.13138
40.44811	17.95549
66.30715	4.29912
66.81003	5.16282
24.19558	9.71517
90.48302	48.47185
114.54552	25.63719
217.13462	29.11969
227.01863	0.79203
195.63999	8.97186
194.568	0.71855
208.12766	-11.35342
236.16445	-4.1275
241.2333	10.23149
222.81984	-7.75131
226.76774	-2.41102
320.59348	-21.06886
328.0958	8.19323
325.17592	8.78582
353.47607	-5.63073
355.31906	12.00555
43.74484	8.46975
31.24002	-10.646
63.95656	33.34568
22.12786	23.85462
70.38792	-4.89466
25.92212	15.64389
77.45168	53.62204
102.82825	24.21123
115.28217	36.73528
148.92345	42.63755
125.95772	55.34222
109.87231	32.46897
155.03494	16.28831
167.81319	-17.17252
217.20102	27.55135
159.06788	4.29129
167.3999	47.74336
207.06614	28.88457
223.1139	32.14523
220.31014	-20.64025
211.37165	26.12064
223.14525	-5.77708
231.19908	-31.24333
231.88831	28.82814
272.55713	-1.65076
346.06859	24.94072
159.61478	-35.01117
2.64535	-0.07634
29.3639	-15.23721
342.20788	16.73944
355.1601	8.54298
46.80626	17.4975
50.80445	6.24473
42.80038	0.26138
19.34842	13.70669
57.74637	14.366
18.0147	20.02495
32.08094	39.11019
52.60245	30.84076
321.05702	-2.2883
6.7845	25.48216
11.10828	2.72794
73.38777	11.81885
35.11187	18.768
47.46561	3.45613
112.99985	45.00507
74.07189	18.6408
47.25311	31.55582
113.55796	32.7645
134.98236	38.49298
123.37624	12.30666
106.87188	40.71556
142.214	23.26863
171.33388	-2.93373
147.74956	1.68629
162.61092	18.83608
136.63354	44.33222
154.37789	12.72905
193.40564	3.52417
205.09473	6.16015
202.01648	21.11571
214.64924	2.01679
209.89707	8.10281
234.25309	-23.43309
339.44303	-18.44974
311.91137	-23.18215
303.14664	-10.23895
348.69282	-16.37946
12.91885	12.82415
11.0062	-5.93
325.02771	-8.94676
289.61015	8.77621
40.52637	44.01608
122.83429	-33.70921
55.49946	9.63529
17.55285	-0.63641
14.7903	27.82892
45.37104	14.28856
113.09947	24.58344
46.56739	29.47513
82.30424	-25.22739
203.18206	-12.98587
32.50838	13.95231
136.82049	1.87347
21.58646	0.41992
162.64988	1.46635
170.07391	1.02477
177.01859	10.66657
204.8324	-1.35981
17.60694	17.65088
112.76554	19.30082
250.50556	-3.02141
339.56042	-7.23644
17.23254	-3.19551
66.67753	20.94528
143.07945	7.28958
214.92662	-3.98623
319.68232	3.78498
352.06335	4.07086
26.96116	9.87389
138.45128	18.75565
180.0997	-7.63732
179.31657	7.74071
9.86963	-0.35359
85.45158	19.43769
126.96549	49.33326
133.57684	19.16246
190.49161	4.37097
206.03133	-32.82527
339.76853	-9.9508
182.8116	-21.72881
66.36556	13.38479
114.30633	13.96778
305.5816	-6.97617
222.64584	6.22119
16.75757	5.9021
151.89489	41.71064
152.76557	42.14361
148.39921	10.30143
168.34405	-1.07459
218.84646	-16.7238
256.53274	39.83977
258.96096	39.20806
248.09375	-8.67315
349.92005	13.78142
64.65289	10.77305
335.97784	0.63859
23.01616	12.87342
68.63393	16.65801
149.62023	1.29219
205.03116	-6.5921
200.22972	-8.02886
249.0504	-21.5762
324.87879	-1.56189
62.24645	-0.75855
111.18986	46.78695
167.848	7.81632
162.24458	27.95505
149.89582	11.79198
186.77269	0.20666
181.61303	-4.83824
172.64191	-13.85753
266.02377	50.62738
228.90596	6.26957
226.74119	0.43986
209.80904	0.05276
244.52376	-0.51991
313.42448	-26.98039
349.64555	18.27409
287.30768	38.74395
319.11532	3.85314
340.2875	-1.22306
8.22986	-8.94357
30.07942	34.23048
63.78429	30.41974
70.29636	26.17148
116.01073	51.10179
117.86252	30.04663
161.9605	10.4216
173.56911	2.72901
208.96826	27.86087
214.39534	-14.17475
197.82141	-8.25554
204.61937	11.38363
174.68504	19.38427
218.39883	-10.71904
236.4752	-13.20504
356.03071	6.46578
28.53469	9.13075
49.86158	10.76381
48.31061	29.17772
135.91343	45.14917
144.39084	8.19769
130.99233	5.84745
118.08702	14.24047
152.08584	-16.89866
134.3707	12.94567
141.89493	18.16763
167.64893	-1.33243
165.00244	16.09468
197.84837	17.41529
240.09939	3.16934
205.96537	-6.17631
242.5424	-0.95227
239.41926	35.28008
234.60902	31.13003
303.89115	-9.85625
344.41283	-19.44031
228.07744	12.91649
10.81168	-13.87811
348.78766	-9.9621
353.69388	-8.12022
20.61143	10.98621
53.65692	22.54344
47.30407	19.80937
52.24773	35.4126
33.15504	12.62721
9.64932	2.5452
51.52122	24.4309
63.41126	-5.32021
68.63071	-14.03538
96.35042	35.61688
86.85542	14.39332
106.98068	33.68158
140.58309	21.10129
149.26067	-1.11034
150.15725	6.60408
200.31439	-9.88813
171.95123	-23.46385
333.35878	8.90832
337.66419	-10.42106
13.19696	2.26561
25.72024	-5.15502
354.23925	47.13324
29.83869	30.0421
44.47139	12.50252
47.52109	15.15888
13.58858	-16.05113
46.30079	9.66743
353.76592	25.87564
49.89149	52.35178
108.69753	49.15318
164.31724	15.19111
211.08186	6.28022
240.24932	8.579
210.5543	14.59278
240.72054	30.05086
337.48784	-14.30273
328.15086	18.08233
341.96924	9.599
337.18555	41.07377
356.96193	-9.95792
313.86724	-27.83603
5.14351	11.03592
332.91053	-0.97095
14.16408	9.49396
357.78136	9.49694
29.23515	21.90453
32.63345	20.57758
14.4294	7.77324
29.69479	2.11846
109.5607	11.40762
32.08601	23.73554
62.64283	22.86864
76.54077	14.4321
147.64165	44.71293
129.43284	-4.79829
137.47209	23.79072
172.0517	33.46584
145.28449	23.31103
157.98248	13.50997
182.86516	24.24818
192.98229	9.70601
205.73201	33.03273
206.29367	14.52996
224.57914	-4.87291
229.64046	34.01633
241.18105	-16.52625
306.9896	3.0366
17.13574	-10.51767
343.41169	10.52232
15.875	-18.40509
344.44246	20.65955
3.79744	-2.45377
28.90054	-10.6112
24.55787	3.44876
45.68604	4.98183
358.355	13.52659
13.0251	-19.96932
62.35179	17.72314
331.79199	-13.4865
28.40508	18.24219
46.44015	16.86756
145.13262	-9.55186
26.17997	13.39856
54.6018	5.139
130.04724	50.25718
127.14606	9.64687
128.06136	20.20256
131.6298	16.96713
159.62558	25.90482
171.53877	17.00459
132.74145	9.10115
182.71128	4.1337
228.14747	-11.91529
235.99821	1.53267
328.2185	-9.52416
315.50794	-23.82023
325.24866	12.35537
330.02179	8.602
328.12888	0.34403
355.00129	-16.25254
345.27197	17.36391
349.83751	-12.00414
62.379	15.30844
25.93249	-20.59363
32.21319	42.37911
44.66306	55.84662
30.11765	19.27472
64.04063	14.36926
56.28986	22.15049
68.82929	19.10263
68.28018	-12.97458
66.83739	10.08066
118.99659	21.59607
127.28991	32.81643
208.61263	2.75638
179.76967	46.60906
150.98069	63.46928
182.47659	25.92043
158.89032	23.50533
141.89543	20.01915
163.20944	-4.91947
164.25409	8.97957
170.30216	20.37482
166.22023	16.83113
232.62823	7.68605
200.52737	-5.1506
213.90878	-5.15042
240.65437	15.51627
240.06093	30.67094
226.45772	-10.38583
135.88223	13.6298
288.19941	-20.3753
317.32194	21.51418
303.90725	0.69713
345.27485	8.35631
333.71013	12.76912
325.2936	0.92769
328.26495	-28.35562
356.87215	-2.3189
41.68973	21.13111
349.81338	38.65121
2.08643	7.69615
47.42558	-10.96639
34.27953	29.69912
43.68693	15.04707
29.17635	0.82375
45.7997	22.808
84.71128	31.50484
38.34819	5.2381
72.8436	5.55854
41.71742	9.32099
115.87827	24.79739
153.38823	8.77505
56.68579	13.04477
160.53136	1.16444
219.39884	-18.16819
183.01305	-25.59146
52.03139	32.90686
164.41692	7.95441
38.6855	21.65054
181.79656	-0.36506
233.16877	-8.34878
324.96333	-4.83946
358.0311	-5.02853
268.79805	-2.95346
62.38516	17.37558
185.69699	33.73064
249.80624	24.92846
22.11122	25.91763
45.34238	19.94218
83.23624	30.65822
108.75579	28.72551
113.75625	18.82962
62.81982	2.1102
180.66511	-1.01856
216.0748	-10.2031
218.51839	-11.08268
9.05243	13.49477
12.17362	4.85064
119.80967	17.53756
154.36537	-5.5511
181.48881	-3.7197
190.63997	-7.4119
181.22278	1.00365
250.80605	-6.05859
54.56616	16.17618
50.11751	21.35238
53.94684	24.46173
76.04169	-3.15225
134.60135	12.65031
127.74641	23.82788
172.08947	6.55924
176.53188	1.96188
232.85391	-5.16086
218.77279	-0.29601
314.22977	-9.91095
328.03661	-5.80255
339.56459	5.08581
213.63862	11.67376
31.29141	15.31879
41.04104	76.32341
129.21676	10.93493
158.64151	31.51625
203.16509	28.32839
265.99684	2.70365
335.17297	-5.84631
326.2824	-12.1307
178.3955	-9.29256
42.56418	3.92595
9.86807	27.31649
344.86623	19.06929
19.19367	13.08074
31.87052	37.93829
38.93563	-13.41748
51.37143	17.55434
140.03047	25.57533
119.99272	28.0708
166.84479	11.74321
167.13588	12.86499
161.65663	19.23233
157.33227	-12.60811
192.79939	13.45158
8.92949	21.22751
359.26175	-14.99316
40.02968	24.50015
47.15079	27.04836
29.16769	2.126
125.67297	1.75046
90.60723	39.76834
134.71856	6.50213
172.36634	2.7777
195.45859	38.04359
201.82427	7.68952
204.90572	-1.77026
306.57401	-7.74822
309.8768	2.19891
341.04757	32.99875
352.13778	4.45498
74.151	6.68708
54.65456	0.1872
74.56686	17.07546
170.234	21.58588
147.99668	31.66803
173.2008	2.80073
148.80359	8.08004
213.04266	18.37536
241.99523	-13.31306
341.31131	-1.07275
8.58541	-26.52249
332.47814	-0.38457
347.95879	5.10199
11.77335	0.53803
25.03949	-12.5663
40.37015	29.66073
281.83353	22.70743
7.57284	13.62451
180.00017	16.24026
48.57929	3.57004
25.29435	-3.68304
116.06571	19.99079
59.01253	18.56243
82.41399	8.10177
124.09398	27.40585
183.48353	26.33011
203.24104	10.31504
200.16866	29.29846
193.04721	13.71303
202.77214	12.50787
210.69797	31.62705
227.40438	-14.04392
209.57748	-6.07084
230.77318	-18.37895
256.71153	4.42735
235.10362	-3.22486
315.90721	-9.9099
12.27608	2.96097
42.62461	42.96299
54.34753	37.31312
124.44967	1.05011
26.81546	23.12544
44.519	25.21128
37.18732	21.28038
53.88748	32.23869
80.78489	22.91454
132.12849	11.22074
129.76341	-0.66215
152.26745	11.55226
122.16587	50.90435
86.41185	-9.08603
164.57791	8.50616
223.151	41.26866
191.94367	-2.45984
171.02013	8.79002
228.93385	18.05053
324.42044	26.13763
322.4353	0.61432
355.46218	4.19707
5.01481	13.00174
33.22412	-1.47162
11.44577	8.78732
23.96949	3.56824
58.00012	1.50475
52.35949	-11.79274
59.14523	26.78966
42.62673	30.33748
51.19544	7.91269
125.5716	20.60789
128.90695	21.56451
181.8936	6.09533
177.10813	18.3395
190.28997	-11.36553
196.30362	14.0426
223.1247	-4.89451
197.68098	36.07513
207.67207	21.17925
178.21872	15.34099
241.55832	18.1889
209.20283	12.96974
228.70822	-9.39806
240.15797	11.02392
224.39377	-31.17227
321.97906	0.21696
334.24669	0.49207
130.50455	-14.11169
36.57161	18.9449
35.00179	33.63466
13.84452	-5.1049
31.0201	3.87459
43.03033	17.47587
57.40423	16.04449
16.20488	14.99548
69.90084	25.0822
70.70923	17.56896
155.56544	1.09573
180.14767	17.55769
155.45167	-15.60599
153.73855	-5.48026
240.19617	9.30047
330.6577	11.55054
326.4639	9.92654
326.02957	-27.75305
345.77989	4.10904
357.54601	-2.19356
353.39111	13.77526
331.90321	41.04022
342.30742	-16.05644
27.61837	1.5088
43.36123	7.72577
351.50703	17.06898
63.04951	5.61839
54.95748	16.35747
61.42068	25.76617
45.68855	-10.31164
73.73982	26.19632
89.82627	56.909
103.60467	30.30477
134.99926	19.51689
135.05619	22.61117
164.94613	-4.09916
188.92776	12.40724
175.98553	30.98706
189.50049	-14.29638
207.71681	9.49387
221.76364	19.23772
241.18799	-5.44426
296.2424	-26.14402
311.00838	-15.74015
312.05449	2.89489
337.78718	5.5529
309.64953	-10.59715
5.79584	6.90837
13.96562	19.02965
29.69984	30.59553
176.04244	45.48134
44.99082	24.35457
22.82345	8.7697
38.65773	1.7113
53.88838	22.26313
105.42953	31.51281
145.04565	31.25275
123.1458	36.57417
111.77358	29.07425
208.95501	12.50001
316.66056	-10.56842
57.93146	13.80262
163.97558	14.48976
205.50455	5.40352
196.08853	4.94038
5.13332	3.21132
227.57413	-6.33378
13.33176	7.80599
50.86364	15.76873
200.43785	-14.85338
11.302	15.95393
32.50729	15.39058
106.06117	29.44808
185.0575	11.28857
117.63203	20.18553
137.58912	6.77317
195.58476	3.0221
324.29134	-10.77836
192.66453	-3.56796
32.32108	9.50188
131.47846	11.93028
204.44979	-11.92609
303.48372	-22.491
47.34229	4.4124
181.78166	30.01837
171.26125	-2.74589
157.45207	8.24469
212.46001	-11.044
314.5959	-17.70128
140.55559	21.32384
358.61182	16.03485
45.62671	31.7532
68.61716	22.90124
136.53588	48.99275
151.62559	29.16389
130.25204	37.73628
150.81431	26.91051
338.13905	-11.60389
14.70593	5.00107
56.84204	52.61433
55.64211	27.2558
47.90232	25.64908
144.50219	18.46939
136.12533	10.66792
176.4695	9.15982
147.63384	16.37392
203.83862	3.55502
208.65951	18.71872
164.12578	36.94332
224.64238	-14.14141
337.50277	-9.37502
335.91804	-5.24304
334.26889	-7.228
352.22753	-7.46406
11.92879	11.42441
35.21255	35.95597
42.6705	-6.6585
100.55456	25.54665
145.0669	32.40811
131.28994	31.25556
150.31819	12.69178
153.52702	18.75231
193.02993	2.02863
251.64808	-11.74951
268.09606	31.61555
327.62313	0.41849
162.19457	1.39818
16.74139	-4.91808
50.43735	15.85012
150.67036	48.33358
166.36973	9.75046
211.18307	-23.13587
173.63695	-18.63427
227.81583	-16.69564
231.97804	-3.44783
315.49968	-7.1186
46.47123	18.63744
1.37643	5.92661
356.48494	12.24957
48.05108	10.43562
22.33509	13.44127
37.24251	1.68768
24.637	10.44949
338.97637	20.87334
358.46654	13.76069
47.20889	-13.70678
64.0412	23.31093
38.21653	26.45945
68.34907	4.02691
126.54388	11.8695
125.71004	2.50013
110.63168	38.05346
117.14113	12.59914
190.70751	-1.94276
164.18767	21.09771
263.76013	22.51377
224.64309	-1.32827
218.05581	-5.81659
225.55116	8.47345
321.58733	7.44749
357.24585	-4.89843
69.46254	14.37275
39.47248	8.89506
72.16477	12.17484
67.70919	1.87703
61.31659	15.45063
89.8436	-28.93819
46.22557	30.40016
83.4235	60.48325
142.7689	18.65873
148.63448	12.39705
150.22613	21.02631
184.36379	24.98456
157.4074	23.28933
215.46121	31.85948
147.37272	20.74772
179.07469	0.22622
209.62629	-7.85302
228.49386	39.44551
120.19509	36.72221
330.5582	22.53554
276.86398	2.01453
357.22488	12.96985
21.49151	-0.98718
34.18569	30.54524
65.87437	27.93437
9.84495	45.59688
62.23536	20.98831
34.36248	5.25322
118.15251	30.82343
66.12831	22.31995
96.24778	5.60533
105.12822	36.14171
143.35735	-15.70241
154.31191	24.63115
159.39353	6.58905
185.15863	-0.28905
155.77235	-9.11054
26.30129	7.66629
340.04888	-11.43935
349.81971	1.30936
317.93986	-27.08972
324.89867	-16.3664
1.29118	9.48085
28.68452	-5.88745
27.7257	14.20237
332.84135	14.5111
36.3829	7.12874
19.99155	14.81771
31.62793	35.16305
69.39311	4.24835
59.36043	17.95378
46.4203	15.87397
120.35218	26.12369
149.62836	35.44088
99.31573	53.24441
161.98028	31.03019
138.33729	38.98474
167.08501	6.20065
206.77416	29.16207
195.77689	7.12876
218.82329	-16.285
242.75879	17.27963
200.79927	2.06792
211.9157	18.22971
216.29301	-21.78685
313.49176	2.9914
37.38584	-0.5715
14.59451	41.45876
33.66409	23.03667
75.02401	27.31843
93.04976	33.3884
86.70161	1.17175
68.06119	-6.59936
88.09547	45.65098
131.57809	20.40612
117.81001	32.70202
158.68995	14.5867
170.011	23.23975
125.80136	5.35372
137.56376	26.64216
177.11281	8.78135
132.06762	-3.61008
156.34137	0.46772
216.71346	5.77853
262.62472	6.94104
314.03371	-13.16679
332.10548	2.61365
334.19809	-19.01379
39.09177	-3.19334
3.45425	-19.55957
239.48603	19.20811
305.06826	-7.64969
10.59228	5.95985
21.81985	31.17187
55.41957	14.72717
39.69962	6.46237
133.51331	59.68214
56.11629	36.42715
48.9394	16.90899
69.44105	19.99513
136.39893	28.23731
123.4265	25.10319
127.44587	19.36213
157.36021	23.87877
139.64658	11.5684
182.30589	34.50883
159.48806	54.89661
177.64806	8.48923
151.99647	27.91731
202.78734	24.50983
208.82998	21.90644
226.09358	-6.16504
220.34071	-3.01519
246.99744	-23.23258
310.74928	0.08318
339.94034	-9.38002
312.65657	2.08137
342.60564	20.29224
336.71631	-16.47012
19.12868	-1.93414
24.13209	10.06735
13.36534	12.98351
15.91695	9.93631
21.25768	71.78071
43.21458	11.97904
38.52756	7.00293
27.33571	26.70194
48.80764	19.13445
49.46071	9.05828
64.67859	28.27067
93.26419	3.70394
141.86474	27.47101
61.43204	28.52696
47.55826	32.76228
80.14952	22.27905
71.16654	-9.54756
